8,8,10,10,10,14,15,19,20,21,24,24,24,25,25,25,27,27,28,29,32,32,34,37,38,39,44,44,44,44,50,51,51,54,55,55,57,57,57,61,61,61,62,65,65,65,69,70,70,70,70,71,71,71,72,72,73,73,73,73,73,73,73,73,73,73,73,73,74,76,76,77,77,78,79,82,84,85,86,86,86,86,86,86,86,86,86,86,86,86,86,88,88,88,89,89,89,90,92,93,94,96,96,97,104,106,107,107,107,107,107,107,108,109,109,110,110,113,113,113,113,114,116,117,118,120,121,122,123,123,124,125,129,129,129,132,132,133,134,134,134,136,139,143,145,145,145,147,152,154,155,157,158,158,158,159,161,164,166,166,167,167,168,168,168,168,168,168,168,168,169,170,170,170,170,170,170,175,182,183,184,184,185,186,186,186,186,186,186,186,186,186,186,186,187,192,192,195,199,200,200,201,203,203,209,209,210,210,216,219,219,219,219,220,220,221,222,222,222,222,225,226,227,229,230,233,233,234,234,234,235,235,236,236,239,242,245,246,246,246,247,248,252,254,255,256,256,259,260,260,263,263,264,266,266,266,266,269,269,269,270,270,271,272,272,273,273,273,276,277,279,281,281,285,289,290,290,290,292,292,292,294,300,301,302,303,303,303,303,306,311,311,312,317,318,319,320,322,329,329,330,330,334,336,337,339,339,340,340,340,340,341,342,342,345,345,347,349,350,350,350,353,359,365,366,367,367,367,367,370,370,370,372,372,376,377,379,380,381,383,386,388,391,394,397,401,404,406,408,409,410,413,415,415,421,422,423,424,425,426,431,431,432,432,432,432,432,432,432,433,434,435,437,437,437,437,437,443,443,444,450,452,455,458,460,462,462,462,463,471,471,471,472,477,478,478,485,486,488,489,492,496,497,498,500,505,511,512,517,519,521,522,522,523,523,525,529,529,529,532,532,532,533,538,539,542,543,548,548,549,549,551,552,553,553,554,557,558,560,561,561,564,564,566,566,568,568,569,570,571,571,573,574,576,579,582,582,584,585,586,588,588,589,592,594,595,597,598,600,601,601,602,602,602,602,604,605,605,606,606,606,606,607,608,608,610,610,610,612,619,621,622,623,623,624,625,625,625,626,629,630,630,632,636,636,642,642,644,644,645,645,645,650,651,652,653,653,654,654,656,656,656,657,657,657,657,658,659,660,662,663,666,667,668,670,670,672,672,673,675,675,677,680,680,682,682,683,683,683,685,685,687,688,690,692,696,697,698,699,699,699,699,699,699,700,700,702,702,703,703,705,705,705,705,705,705,705,706,707,708,709,710,710,714,714,715,717,719,720,721,723,724,724,725,726,728,728,732,732,733,734,734,735,738,738,739,740,743,743,743,744,747,748,749,749,754,754,754,754,754,754,754,755,756,757,760,760,762,762,762,762,763,763,763,765,766,770,770,771,771,772,772,773,774,775,779,782,786,790,791,793,795,795,796,802,802,803,803,803,804,804,804,804,804,804,808,810,814,815,820,820,820,821,825,826,826,827,827,829,829,830,835,835,835,835,835,835,835,836,836,836,838,840,843,843,844,844,844,844,844,844,845,846,850,850,851,853,855,855,857,857,857,857,858,858,861,862,863,865,866,866,866,867,867,870,875,876,877,879,881,885,885,887,889,894,894,897,898,901,903,904,904,910,911,916,919,919,923,924,924,927,929,933,933,935,937,937,940,942,943,945,949,949,950,950,951,953,954,955,955,955,957,961,967,968,972,972,976,976,977,977,981,981,982,982,982,982,984,986,988,990,990,990,993,994,994,994,997,999,1000,1001,1007,1008,1009,1009,1009,1010,1010,1011,1011,1014,1014,1014,1015,1016,1016,1019,1019,1019,1020,1021,1026,1029,1031,1032,1035,1035,1035,1035,1035,1040,1041,1047,1048,1048,1048,1049,1050,1051,1052,1052,1053,1053,1054,1059,1060,1062,1065,1066,1066,1067,1069,1069,1070,1071,1072,1077,1078,1079,1079,1081,1082,1088,1094,1100,1101,1110,1111,1111,1111,1111,1112,1114,1115,1118,1118,1119,1119,1120,1121,1122,1122,1123,1123,1123,1125,1125,1126,1126,1126,1126,1126,1128,1128,1128,1131,1133,1134,1136,1141,1143,1148,1148,1150,1152,1153,1153,1155,1158,1158,1158,1158,1163,1168,1168,1168,1168,1169,1169,1169,1170,1170,1172,1172,1174,1176,1176,1178,1179,1181,1182,1182,1185,1185,1185,1185,1187,1191,1193,1194,1194,1195,1199,1200,1202,1203,1204,1208,1209,1211,1212,1213,1218,1218,1219,1220,1220,1221,1222,1222,1222,1223,1224,1227,1227,1228,1228,1232,1234,1235,1237,1237,1237,1238,1240,1240,1241,1241,1241,1241,1241,1241,1243,1245,1249,1250,1251,1252,1253,1254,1254,1255,1256,1258,1260,1262,1262,1263,1263,1264,1265,1266,1266,1266,1274,1274,1275,1275,1277,1279,1279,1279,1279,1280,1281,1281,1281,1283,1285,1287,1291,1291,1291,1291,1291,1291,1291,1291,1291,1292,1295,1295,1295,1295,1295,1295,1295,1295,1295,1297,1306,1310,1312,1312,1312,1314,1315,1315,1315,1319,1319,1319,1319,1319,1319,1319,1319,1319,1319,1320,1320,1321,1322,1324,1324,1327,1330,1331,1335,1336,1338,1341,1342,1342,1346,1347,1356,1356,1358,1358,1358,1359,1361,1361,1361,1361,1362,1363,1364,1365,1366,1367,1369,1371,1372,1372,1374,1375,1377,1378,1378,1380,1380,1381,1381,1381,1382,1382,1387,1387,1388,1388,1389,1389,1390,1396,1398,1398,1398,1398,1398,1398,1399,1400,1400,1400,1400,1400,1402,1404,1404,1406,1407,1408,1409,1409,1410,1410,1410,1410,1414,1417,1418,1420,1421,1424,1429,1429,1430,1436,1438,1439,1439,1440,1441,1444,1444,1447,1449,1451,1454,1454,1456,1456,1456,1456,1457,1457,1457,1457,1458,1459,1459,1461,1461,1462,1464,1464,1466,1466,1467,1468,1471,1471,1471,1472,1476,1476,1476,1476,1477,1477,1482,1484,1484,1485,1485,1491,1491,1491,1492,1496,1498,1501,1501,1502,1504,1506,1507,1510,1510,1515,1517,1517,1518,1519,1519,1520,1524,1525,1526,1527,1529,1529,1530,1533,1534,1534,1539,1539,1539,1541,1542,1542,1543,1544,1547,1547,1548,1552,1554,1554,1556,1561,1562,1562,1562,1562,1563,1564,1564,1564,1566,1567,1568,1568,1568,1568,1568,1568,1569,1569,1569,1571,1571,1573,1574,1574,1574,1574,1574,1575,1575,1576,1578,1578,1580,1582,1586,1587,1588,1588,1589,1598,1598,1599,1599,1599,1600,1601,1601,1601,1602,1603,1604,1605,1606,1606,1607,1609,1609,1609,1609,1610,1612,1613,1614,1614,1614,1614,1617,1618,1620,1622,1623,1625,1626,1627,1627,1629,1631,1633,1636,1637,1639,1640,1640,1640,1644,1645,1646,1656,1657,1657,1658,1660,1660,1661,1662,1662,1669,1669,1670,1674,1674,1675,1680,1681,1684,1686,1686,1687,1687,1689,1690,1691,1693,1694,1694,1695,1695,1695,1695,1697,1697,1700,1701,1701,1704,1708,1709,1710,1711,1712,1712,1713,1713,1715,1715,1719,1720,1721,1721,1721,1724,1726,1727,1728,1728,1728,1729,1729,1730,1730,1736,1737,1741,1742,1743,1744,1746,1748,1749,1749,1750,1750,1758,1764,1765,1770,1771,1771,1771,1781,1783,1786,1791,1792,1794,1795,1795,1799,1799,1801,1801,1801,1804,1806,1810,1812,1815,1815,1820,1821,1822,1822,1822,1824,1826,1827,1827,1827,1829,1829,1830,1831,1834,1838,1839,1842,1843,1843,1843,1843,1847,1848,1850,1851,1855,1857,1857,1857,1859,1860,1861,1862,1867,1869,1869,1877,1878,1879,1880,1880,1881,1881,1881,1884,1884,1888,1889,1890,1891,1891,1892,1892,1892,1895,1896,1897,1897,1901,1901,1904,1904,1908,1913,1913,1915,1919,1919,1921,1921,1921,1922,1922,1922,1924,1929,1932,1932,1933,1934,1939,1941,1942,1942,1943,1944,1946,1947,1947,1948,1951,1953,1954,1954,1955,1955,1956,1959,1959,1960,1961,1963,1964,1965,1965,1965,1966,1966,1968,1971,1971,1973,1973,1973,1973,1973,1974,1976,1977,1982,1982,1984,1984,1984,1985,1986,1986,1986,1988,1989,1992,1992,1995,2000,2002,2003,2004,2004,2007,2009,2009,2011,2012,2014,2015,2015,2016,2016,2016,2016,2016,2016,2016,2016,2016,2016,2017,2019,2021,2022,2023,2024,2025,2033,2033,2033,2033,2033,2033,2036,2037,2038,2039,2039,2040,2040,2040,2042,2043,2044,2044,2045,2046,2046,2050,2050,2050,2053,2054,2054,2054,2056,2063,2063,2063,2070,2070,2072,2074,2075,2075,2076,2078,2080,2082,2083,2086,2089,2090,2091,2091,2091,2092,2093,2093,2094,2096,2098,2101,2101,2104,2107,2107,2107,2112,2113,2115,2118,2118,2121,2121,2122,2125,2127,2128,2130,2132,2134,2135,2135,2139,2139,2139,2140,2140,2141,2141,2141,2146,2146,2146,2153,2153,2154,2155,2155,2155,2156,2156,2157,2157,2158,2158,2162,2162,2165,2166,2166,2167,2167,2167,2168,2169,2169,2169,2169,2169,2175,2176,2178,2180,2181,2181,2182,2182,2183,2185,2186,2186,2187,2187,2189,2190,2190,2190,2190,2190,2190,2191,2192,2192,2194,2195,2198,2201,2201,2202,2202,2203,2204,2205,2207,2209,2210,2213,2214,2214,2215,2215,2215,2216,2218,2218,2218,2219,2220,2221,2225,2229,2230,2233,2235,2236,2236,2237,2238,2239,2241,2242,2247,2248,2248,2249,2249,2253,2254,2256,2257,2259,2259,2259,2261,2262,2262,2263,2265,2266,2266,2266,2273,2274,2276,2277,2278,2278,2279,2279,2280,2281,2282,2284,2286,2288,2288,2290,2290,2290,2291,2294,2295,2296,2297,2302,2302,2305,2308,2309,2312,2314,2314,2316,2316,2316,2317,2319,2322,2322,2327,2327,2327,2327,2327,2327,2327,2327,2327,2330,2331,2331,2332,2334,2336,2337,2340,2343,2343,2352,2354,2354,2354,2356,2356,2356,2357,2357,2360,2360,2361,2362,2362,2364,2364,2364,2365,2366,2368,2368,2370,2373,2373,2374,2376,2378,2380,2383,2384,2385,2387,2387,2387,2389,2393,2393,2394,2395,2395,2396,2398,2398,2400,2400,2400,2400,2403,2403,2404,2404,2405,2405,2405,2405,2405,2406,2407,2410,2411,2411,2411,2412,2413,2413,2416,2416,2416,2416,2417,2417,2419,2421,2421,2422,2424,2424,2424,2424,2427,2430,2430,2430,2434,2437,2438,2439,2446,2447,2448,2449,2454,2454,2454,2454,2454,2461,2467,2467,2467,2468,2469,2469,2469,2469,2469,2472,2472,2472,2473,2477,2478,2478,2480,2482,2483,2484,2485,2486,2486,2486,2486,2486,2486,2486,2486,2486,2486,2486,2486,2486,2486,2486,2487,2488,2488,2494,2494,2496,2500,2504,2505,2507,2507,2508,2508,2508,2508,2511,2514,2515,2515,2516,2517,2520,2532,2532,2534,2535,2540,2540,2542,2542,2543,2545,2547,2548,2549,2552,2552,2552,2553,2560,2561,2561,2561,2565,2566,2574,2576,2576,2576,2581,2581,2584,2585,2585,2588,2588,2589,2590,2594,2594,2597,2601,2602,2602,2602,2602,2604,2608,2614,2614,2615,2619,2621,2621,2621,2621,2623,2625,2626,2629,2629,2630,2630,2634,2635,2640,2642,2643,2644,2649,2649,2649,2651,2652,2653,2659,2661,2662,2663,2664,2664,2664,2666,2668,2668,2669,2671,2671,2671,2672,2677,2682,2683,2683,2684,2685,2687,2687,2688,2690,2691,2693,2698,2698,2698,2700,2700,2700,2703,2705,2707,2708,2709,2712,2712,2713,2713,2719,2723,2725,2725,2725,2725,2729,2732,2733,2734,2735,2737,2738,2739,2741,2741,2742,2744,2744,2745,2745,2745,2745,2745,2747,2750,2751,2752,2753,2753,2753,2755,2758,2760,2760,2762,2763,2763,2767,2767,2767,2771,2771,2772,2773,2773,2773,2775,2776,2778,2782,2782,2782,2782,2782,2786,2786,2786,2786,2788,2790,2791,2791,2792,2793,2793,2796,2796,2796,2798,2802,2803,2803,2803,2805,2807,2809,2809,2809,2809,2809,2809,2810,2810,2810,2812,2813,2815,2815,2821,2821,2821,2824,2825,2826,2826,2828,2828,2829,2829,2829,2830,2831,2831,2831,2831,2831,2831,2832,2833,2833,2836,2837,2837,2838,2839,2843,2844,2845,2845,2846,2847,2848,2849,2850,2855,2862,2862,2863,2868,2868,2870,2874,2875,2880,2885,2885,2886,2886,2887,2888,2889,2893,2894,2898,2900,2901,2903,2905,2911,2912,2913,2914,2914,2916,2918,2919,2920,2920,2920,2923,2924,2925,2925,2925,2925,2925,2929,2930,2931,2933,2934,2935,2935,2935,2936,2937,2945,2945,2945,2953,2954,2958,2961,2962,2963,2964,2965,2965,2967,2972,2973,2973,2973,2974,2974,2974,2974,2974,2974,2974,2974,2979,2981,2981,2988,2990,2990,2990,2993,2993,3000,3000,3001,3001,3002,3002,3004,3004,3005,3010,3011,3011,3018,3018,3018,3018,3018,3018,3018,3021,3026,3028,3029,3029,3029,3030,3030,3034,3035,3036,3036,3036,3036,3036,3042,3043,3045,3045,3048,3049,3050,3051,3053,3056,3057,3057,3057,3058,3059,3060,3061,3061,3062,3062,3062,3062,3062,3062,3062,3062,3064,3064,3064,3064,3064,3064,3064,3064,3064,3064,3064,3064,3064,3064,3064,3064,3064,3065,3067,3067,3070,3071,3072,3074,3074,3077,3079,3080,3080,3082,3083,3083,3083,3083,3085,3088,3088,3088,3088,3089,3091,3091,3093,3093,3093,3095,3095,3097,3098,3099,3100,3100,3103,3103,3103,3103,3104,3104,3104,3105,3108,3108,3110,3111,3111,3111,3114,3114,3115,3116,3118,3120,3120,3120,3120,3120,3122,3124,3128,3129,3129,3131,3131,3132,3132,3134,3134,3135,3135,3136,3136,3139,3140,3146,3146,3146,3147,3149,3151,3157,3157,3157,3158,3162,3164,3166,3167,3169,3172,3172,3172,3176,3176,3176,3178,3182,3186,3191,3193,3193,3195,3197,3198,3198,3199,3199,3202,3203,3204,3204,3206,3208,3209,3211,3212,3217,3221,3221,3224,3227,3230,3231,3231,3232,3234,3239,3239,3239,3240,3242,3243,3243,3243,3243,3244,3244,3248,3255,3259,3262,3263,3264,3268,3272,3273,3277,3279,3280,3283,3285,3285,3285,3285,3286,3286,3286,3287,3287,3288,3293,3295,3296,3301,3306,3306,3312,3313,3314,3314,3316,3319,3319,3320,3322,3323,3327,3328,3328,3329,3331,3334,3335,3335,3335,3335,3335,3335,3335,3335,3335,3335,3335,3335,3335,3336,3336,3336,3336,3339,3339,3339,3339,3339,3339,3339,3340,3340,3340,3341,3341,3342,3343,3343,3343,3344,3345,3345,3347,3347,3347,3347,3348,3348,3348,3349,3349,3351,3351,3351,3351,3351,3351,3351,3352,3352,3352,3352,3353,3353,3353,3353,3353,3353,3353,3353,3355,3355,3355,3355,3357,3357,3357,3357,3358,3358,3358,3359,3359,3359,3360,3361,3361,3363,3364,3364,3364,3365,3365,3366,3366,3366,3367,3367,3367,3367,3367,3368,3368,3368,3368,3368,3368,3368,3368,3368,3368,3368,3368,3368,3369,3371,3371,3371,3372,3372,3372,3372,3372,3372,3373,3373,3373,3373,3373,3374,3374,3374,3374,3374,3374,3374,3374,3375,3375,3375,3375,3375,3377,3377,3377,3379,3379,3381,3381,3383,3383,3383,3383,3383,3383,3383,3383,3384,3385,3386,3386,3386,3386,3386,3386,3386,3386,3386,3386,3386,3386,3386,3386,3386,3386,3387,3387,3387,3387,3387,3387,3389,3390,3390,3390,3390,3390,3391,3391,3395,3395,3396,3396,3396,3396,3396,3396,3396,3397,3397,3397,3398,3398,3398,3398,3399,3400,3400,3400,3400,3400,3403,3403,3405,3406,3406,3406,3406,3406,3406,3406,3406,3406,3406,3406,3406,3406,3406,3407,3407,3407,3407,3407,3407,3407,3407,3407,3407,3407,3407,3407,3407,3407,3407,3407,3407,3407,3407,3407,3410,3412,3413,3415,3415,3418,3418,3418,3418,3418,3418,3418,3418,3418,3418,3418,3421,3421,3421,3421,3421,3421,3421,3421,3421,3421,3421,3421,3422,3422,3422,3422,3424,3424,3426,3426,3426,3426,3426,3426,3427,3427,3427,3427,3427,3427,3427,3427,3427,3427,3427,3427,3427,3427,3427,3427,3427,3427,3427,3427,3427,3427,3427,3427,3427,3427,3427,3427,3427,3428,3428,3428,3428,3428,3428,3428,3428,3428,3428,3428,3429,3429,3429,3431,3431,3431,3431,3431,3432,3433,3433,3433,3433,3433,3433,3433,3433,3434,3434,3434,3435,3436,3438,3438,3439,3439,3440,3440,3441,3441,3441,3441,3442,3443,3444,3444,3444,3444,3444,3445,3446,3446,3446,3447,3447,3450,3450,3451,3451,3451,3451,3451,3452,3452,3454,3455,3455,3455,3455,3455,3455,3458,3458,3458,3458,3458,3458,3458,3458,3458,3458,3459,3459,3459,3459,3461,3461,3462,3462,3463,3464,3466,3466,3467,3468,3468,3469,3471,3471,3471,3472,3472,3472,3472,3472,3472,3473,3473,3474,3474,3474,3474,3476,3476,3476,3476,3477,3477,3477,3477,3478,3479,3479,3479,3479,3481,3482,3482,3482,3482,3483,3483,3484,3484,3484,3484,3484,3485,3486,3487,3487,3487,3487,3487,3487,3487,3489,3489,3489,3489,3489,3489,3489,3489,3489,3489,3489,3489,3490,3491,3491,3491,3491,3491,3491,3491,3491,3491,3494,3494,3495,3495,3495,3495,3495,3495,3496,3496,3496,3497,3498,3498,3499,3500,3501,3501,3502,3502,3505,3505,3506,3508,3508,3509,3509,3510,3511,3511,3511,3511,3511,3511,3513,3513,3513,3513,3513,3513,3514,3519,3519,3519,3520,3521,3521,3523,3523,3524,3524,3525,3525,3525,3525,3527,3528,3528,3528,3528,3528,3529,3529,3529,3529,3529,3529,3529,3531,3532,3532,3532,3533,3536,3537,3542,3544,3544,3545,3546,3547,3547,3548,3548,3549,3549,3550,3550,3551,3551,3551,3551,3551,3551,3554,3555,3555,3558,3558,3559,3562,3564,3564,3566,3567,3569,3569,3569,3570,3570,3570,3571,3573,3574,3575,3575,3577,3577,3578,3579,3579,3581,3581,3583,3584,3584,3586,3586,3586,3586,3586,3587,3591,3592,3592,3592,3595,3595,3595,3595,3600,3600,3600,3600,3600,3601,3601,3601,3601,3603,3603,3603,3604,3604,3605,3606,3606,3607,3607,3607,3607,3608,3609,3609,3610,3610,3611,3612,3612,3613,3613,3613,3613,3614,3614,3616,3616,3616,3617,3619,3619,3619,3620,3620,3620,3620,3623,3623,3623,3623,3623,3623,3623,3623,3624,3626,3627,3629,3630,3631,3631,3631,3632,3634,3635,3635,3636,3636,3636,3636,3636,3636,3637,3638,3639,3641,3642,3642,3642,3643,3643,3644,3645,3645,3646,3646,3646,3646,3646,3646,3647,3648,3648,3650,3651,3652,3652,3652,3652,3653,3653,3654,3655,3655,3655,3655,3656,3656,3656,3658,3659,3659,3659,3659,3660,3660,3660,3660,3662,3662,3664,3664,3665,3665,3666,3666,3666,3666,3668,3668,3669,3669,3671,3671,3671,3672,3672,3674,3676,3676,3678,3678,3678,3679,3680,3680,3681,3681,3681,3681,3681,3681,3682,3684,3685,3686,3688,3688,3690,3690,3690,3691,3691,3692,3695,3695,3696,3697,3697,3698,3698,3699,3700,3701,3701,3701,3702,3702,3702,3703,3705,3705,3705,3705,3706,3707,3707,3707,3709,3709,3709,3710,3713,3713,3715,3720,3720,3722,3722,3722,3722,3722,3722,3722,3723,3724,3727,3727,3728,3728,3729,3730,3731,3732,3732,3733,3735,3735,3735,3736,3736,3739,3741,3741,3741,3741,3742,3742,3742,3742,3744,3745,3745,3746,3748,3748,3749,3751,3751,3751,3751,3752,3753,3753,3753,3753,3753,3754,3754,3754,3754,3756,3756,3758,3758,3759,3759,3759,3762,3763,3764,3765,3765,3766,3767,3768,3768,3768,3769,3770,3770,3770,3770,3770,3770,3770,3770,3770,3770,3770,3772,3775,3777,3781,3781,3781,3784,3784,3784,3784,3787,3787,3787,3790,3790,3791,3791,3791,3794,3794,3795,3797,3797,3798,3798,3800,3802,3802,3802,3803,3805,3805,3806,3810,3810,3811,3811,3813,3813,3814,3815,3817,3817,3820,3820,3820,3821,3821,3821,3821,3823,3823,3823,3823,3824,3824,3824,3824,3824,3824,3824,3824,3824,3824,3824,3824,3824,3824,3824,3824,3824,3824,3824,3824,3824,3824,3824,3824,3824,3825,3826,3827,3829,3829,3830,3830,3831,3831,3833,3834,3835,3835,3836,3837,3838,3839,3839,3840,3841,3841,3841,3841,3843,3843,3843,3843,3850,3850,3850,3850,3850,3850,3850,3852,3853,3854,3854,3856,3858,3859,3861,3863,3864,3865,3865,3866,3866,3867,3869,3870,3871,3871,3874,3874,3874,3874,3875,3875,3875,3878,3879,3879,3879,3880,3881,3881,3882,3884,3886,3890,3891,3891,3891,3892,3894,3895,3895,3897,3897,3898,3898,3901,3901,3901,3902,3903,3903,3904,3904,3905,3907,3907,3907,3909,3909,3910,3910,3911,3912,3912,3914,3916,3918,3918,3919,3922,3922,3924,3924,3925,3925,3925,3925,3925,3926,3926,3929,3930,3931,3931,3931,3931,3931,3931,3932,3933,3933,3933,3934,3934,3938,3939,3940,3945,3945,3946,3948,3948,3949,3949,3951,3951,3953,3953,3954,3954,3957,3957,3957,3957,3958,3961,3961,3965,3967,3970,3972,3972,3973,3974,3974,3974,3975,3976,3977,3977,3977,3977,3977,3977,3977,3977,3977,3977,3977,3977,3977,3977,3977,3978,3980,3981,3982,3983,3985,3986,3987,3990,3993,3994,3995,3995,3995,3996,3996,3997,4000,4000,4001,4003,4003,4003,4003,4004,4007,4008,4009,4010,4010,4011,4012,4012,4012,4012,4012,4013,4013,4013,4013,4013,4015,4015,4018,4018,4018,4019,4019,4020,4020,4021,4021,4024,4024,4024,4024,4024,4024,4025,4025,4025,4027,4029,4030,4031,4031,4032,4032,4033,4034,4038,4039,4039,4040,4040,4043,4044,4044,4047,4048,4049,4051,4051,4052,4052,4052,4052,4053,4053,4053,4055,4056,4056,4057,4057,4058,4058,4059,4060,4061,4066,4068,4068,4074,4074,4075,4077,4080,4080,4083,4083,4084,4089,4089,4089,4090,4092,4092,4092,4092,4093,4094,4095,4098,4098,4098,4098,4099,4100,4101,4101,4104,4106,4108,4108,4108,4108,4108,4109,4111,4111,4111,4111,4111,4111,4112,4112,4113,4113,4113,4114,4114,4114,4115,4115,4115,4115,4115,4116,4116,4117,4119,4122,4122,4125,4126,4128,4128,4128,4128,4131,4131,4131,4132,4132,4134,4134,4135,4135,4135,4136,4137,4137,4138,4140,4140,4141,4143,4144,4145,4146,4147,4148,4149,4150,4150,4150,4150,4151,4151,4152,4152,4154,4155,4157,4157,4160,4162,4162,4163,4165,4168,4169,4170,4170,4173,4174,4174,4177,4177,4177,4179,4180,4181,4181,4184,4185,4185,4186,4187,4187,4188,4188,4197,4197,4197,4199,4202,4202,4203,4205,4205,4207,4208,4209,4209,4209,4210,4210,4211,4211,4211,4213,4215,4215,4216,4216,4217,4218,4222,4223,4224,4224,4228,4229,4230,4231,4231,4233,4235,4236,4236,4236,4236,4236,4239,4240,4242,4242,4242,4244,4245,4246,4247,4248,4248,4248,4252,4254,4254,4254,4255,4257,4257,4258,4258,4258,4258,4258,4258,4258,4258,4258,4258,4258,4258,4258,4258,4258,4258,4258,4258,4259,4259,4260,4262,4263,4265,4267,4267,4270,4271,4274,4274,4274,4275,4276,4278,4278,4279,4283,4284,4285,4286,4288,4288,4288,4289,4289,4291,4292,4292,4295,4297,4297,4298,4298,4299,4299,4300,4300,4300,4301,4301,4306,4307,4309,4309,4310,4310,4311,4313,4314,4315,4315,4315,4315,4317,4325,4325,4329,4329,4331,4332,4334,4335,4336,4337,4337,4338,4338,4339,4340,4340,4341,4342,4343,4343,4343,4346,4348,4348,4351,4354,4354,4357,4357,4357,4357,4359,4361,4361,4361,4361,4361,4363,4363,4365,4366,4367,4368,4369,4369,4371,4371,4371,4372,4372,4376,4376,4382,4382,4385,4386,4386,4387,4388,4388,4390,4390,4390,4390,4390,4391,4392,4393,4394,4394,4395,4395,4396,4397,4399,4400,4401,4402,4405,4406,4406,4407,4409,4412,4413,4413,4415,4415,4416,4417,4418,4420,4420,4420,4421,4423,4423,4423,4423,4423,4423,4423,4427,4427,4428,4428,4431,4431,4431,4433,4434,4434,4434,4435,4437,4439,4442,4443,4445,4445,4445,4446,4447,4448,4448,4450,4450,4451,4454,4455,4456,4456,4458,4461,4461,4464,4465,4465,4465,4466,4468,4468,4468,4469,4469,4469,4478,4478,4478,4478,4478,4478,4478,4478,4478,4480,4484,4484,4485,4486,4486,4488,4488,4490,4490,4490,4491,4494,4495,4496,4496,4496,4496,4497,4498,4498,4499,4500,4500,4500,4500,4501,4503,4504,4504,4504,4504,4506,4506,4506,4509,4509,4510,4511,4512,4513,4515,4515,4518,4519,4520,4522,4522,4522,4522,4522,4522,4523,4523,4525,4525,4526,4527,4527,4527,4528,4529,4529,4530,4531,4531,4531,4534,4536,4537,4537,4537,4538,4538,4542,4543,4543,4543,4543,4543,4543,4543,4546,4547,4551,4552,4556,4558,4558,4560,4561,4561,4564,4564,4566,4567,4567,4569,4570,4570,4571,4572,4573,4573,4573,4573,4574,4576,4576,4578,4578,4581,4582,4584,4585,4586,4587,4588,4593,4593,4594,4595,4598,4598,4598,4599,4602,4602,4602,4603,4603,4603,4603,4603,4603,4603,4604,4605,4605,4606,4610,4612,4612,4612,4613,4613,4614,4614,4614,4616,4619,4621,4622,4625,4627,4629,4630,4630,4631,4631,4631,4631,4632,4633,4635,4637,4638,4638,4639,4642,4643,4643,4644,4647,4647,4648,4649,4650,4650,4650,4650,4652,4653,4653,4653,4654,4655,4657,4657,4657,4657,4658,4660,4663,4663,4663,4665,4665,4665,4665,4665,4666,4668,4668,4670,4671,4672,4672,4672,4672,4672,4672,4673,4675,4675,4677,4678,4679,4679,4679,4680,4683,4683,4685,4687,4689,4690,4692,4699,4700,4701,4701,4701,4701,4702,4704,4705,4707,4707,4708,4708,4708,4708,4714,4714,4715,4716,4719,4719,4721,4722,4727,4728,4730,4730,4732,4733,4733,4733,4734,4734,4735,4736,4741,4742,4743,4744,4744,4745,4749,4750,4750,4752,4752,4752,4752,4756,4758,4759,4761,4762,4762,4763,4763,4764,4764,4764,4764,4764,4764,4767,4767,4767,4767,4768,4768,4768,4769,4772,4774,4777,4780,4780,4785,4789,4789,4793,4797,4797,4802,4803,4805,4809,4810,4810,4813,4815,4816,4816,4817,4818,4818,4818,4819,4820,4820,4820,4824,4827,4830,4831,4832,4832,4833,4836,4836,4836,4836,4836,4836,4836,4838,4838,4838,4839,4841,4842,4843,4843,4844,4844,4845,4847,4847,4849,4853,4853,4853,4853,4853,4853,4853,4853,4853,4854,4854,4856,4860,4860,4861,4861,4864,4865,4866,4867,4869,4870,4870,4870,4871,4872,4874,4874,4878,4879,4879,4879,4881,4881,4881,4881,4882,4882,4884,4885,4891,4892,4893,4896,4896,4899,4901,4902,4903,4906,4907,4910,4910,4910,4916,4917,4922,4923,4924,4924,4924,4927,4928,4928,4928,4929,4929,4930,4930,4931,4932,4933,4933,4934,4934,4936,4939,4939,4941,4941,4945,4946,4946,4946,4946,4947,4949,4949,4951,4951,4951,4952,4952,4952,4955,4958,4961,4962,4965,4966,4966,4967,4968,4973,4973,4973,4979,4979,4981,4984,4987,4988,4989,4989,4990,4991,4991,4991,4991,4992,4996,5001,5001,5001,5006,5008,5008,5009,5009,5011,5015,5016,5016,5017,5017,5017,5017,5018,5024,5025,5026,5029,5030,5032,5033,5034,5035,5039,5040,5041,5041,5042,5042,5043,5044,5044,5045,5046,5050,5050,5055,5055,5057,5059,5059,5060,5060,5062,5062,5065,5069,5070,5071,5071,5072,5073,5073,5074,5074,5075,5079,5080,5080,5082,5082,5082,5082,5082,5082,5083,5085,5085,5086,5089,5090,5094,5095,5095,5096,5098,5101,5108,5111,5111,5111,5111,5115,5119,5119,5123,5123,5124,5126,5127,5128,5129,5130,5131,5132,5135,5137,5137,5137,5138,5138,5138,5139,5139,5139,5139,5139,5139,5139,5139,5139,5139,5139,5139,5139,5139,5139,5139,5139,5146,5146,5147,5151,5152,5153,5154,5157,5158,5158,5160,5161,5161,5162,5168,5169,5169,5169,5169,5171,5177,5178,5178,5178,5179,5179,5180,5181,5181,5182,5182,5182,5185,5186,5186,5190,5191,5191,5194,5198,5200,5201,5201,5201,5202,5206,5206,5208,5209,5211,5211,5212,5213,5214,5215,5215,5219,5219,5219,5223,5225,5226,5229,5231,5231,5231,5231,5231,5231,5231,5232,5233,5235,5237,5237,5238,5239,5240,5244,5244,5244,5248,5248,5249,5253,5257,5259,5259,5259,5262,5265,5267,5278,5279,5279,5279,5280,5280,5284,5285,5285,5285,5287,5287,5289,5289,5292,5292,5293,5294,5298,5298,5299,5300,5301,5301,5302,5303,5303,5303,5303,5304,5307,5308,5309,5314,5316,5316,5319,5320,5321,5325,5325,5328,5329,5330,5331,5331,5332,5332,5332,5332,5332,5332,5332,5332,5332,5332,5334,5335,5335,5335,5336,5336,5338,5338,5340,5342,5342,5345,5346,5346,5346,5347,5347,5347,5347,5354,5356,5360,5361,5362,5362,5363,5364,5364,5365,5366,5366,5366,5366,5367,5372,5374,5374,5375,5375,5376,5379,5382,5384,5384,5386,5386,5388,5392,5393,5394,5395,5396,5398,5400,5403,5404,5411,5413,5419,5421,5421,5425,5428,5429,5431,5433,5434,5435,5441,5442,5442,5442,5442,5445,5446,5447,5449,5449,5450,5450,5452,5454,5456,5456,5458,5460,5461,5464,5465,5466,5467,5469,5469,5470,5472,5473,5477,5478,5480,5481,5483,5484,5484,5485,5489,5491,5492,5492,5493,5493,5499,5500,5501,5501,5502,5502,5505,5507,5507,5509,5509,5510,5511,5516,5517,5519,5520,5522,5522,5523,5525,5527,5527,5529,5534,5541,5541,5542,5543,5543,5544,5545,5547,5550,5551,5551,5551,5552,5555,5557,5559,5562,5566,5566,5568,5569,5571,5575,5579,5580,5581,5581,5581,5583,5584,5584,5584,5586,5587,5588,5588,5593,5594,5594,5594,5594,5594,5595,5596,5597,5603,5603,5603,5606,5606,5610,5618,5621,5621,5622,5623,5627,5627,5631,5634,5634,5635,5636,5639,5641,5641,5643,5644,5647,5648,5650,5650,5651,5653,5656,5658,5661,5661,5662,5664,5664,5669,5671,5671,5671,5674,5675,5676,5677,5677,5678,5679,5689,5689,5691,5692,5693,5700,5701,5702,5704,5706,5706,5710,5715,5716,5717,5719,5719,5720,5721,5723,5725,5727,5728,5731,5736,5738,5738,5739,5739,5741,5741,5742,5743,5743,5745,5745,5746,5746,5747,5748,5751,5752,5753,5753,5753,5755,5758,5759,5759,5761,5764,5770,5771,5771,5772,5773,5774,5780,5780,5783,5789,5791,5792,5797,5798,5799,5799,5808,5810,5811,5813,5813,5814,5814,5814,5815,5821,5822,5829,5830,5830,5832,5832,5833,5833,5834,5835,5839,5840,5841,5843,5843,5845,5846,5846,5851,5851,5852,5858,5859,5860,5860,5861,5862,5862,5862,5862,5866,5866,5871,5871,5871,5872,5873,5875,5876,5879,5883,5884,5884,5886,5889,5891,5895,5898,5898,5899,5899,5901,5902,5903,5905,5906,5908,5908,5908,5909,5912,5913,5913,5915,5918,5918,5922,5922,5926,5927,5927,5927,5927,5929,5934,5937,5939,5941,5942,5949,5951,5952,5953,5957,5959,5959,5959,5959,5961,5961,5963,5963,5967,5970,5971,5972,5976,5976,5981,5984,5985,5986,5986,5988,5989,5990,5990,5996,5997,6002,6003,6008,6008,6008,6014,6014,6016,6017,6017,6020,6022,6023,6024,6025,6026,6026,6031,6031,6035,6035,6036,6040,6047,6047,6052,6053,6054,6054,6057,6059,6060,6062,6063,6065,6067,6067,6067,6068,6068,6070,6071,6071,6073,6077,6078,6078,6081,6082,6089,6089,6091,6091,6093,6094,6099,6101,6102,6103,6107,6111,6114,6116,6117,6117,6117,6119,6121,6122,6122,6123,6125,6128,6129,6131,6132,6135,6136,6139,6143,6147,6149,6152,6153,6153,6159,6159,6163,6164,6166,6167,6168,6171,6171,6173,6178,6178,6186,6187,6188,6189,6189,6195,6197,6203,6203,6203,6206,6207,6207,6209,6210,6212,6213,6215,6216,6216,6216,6218,6222,6222,6223,6225,6228,6229,6229,6231,6233,6235,6237,6242,6242,6242,6244,6246,6248,6249,6251,6253,6253,6254,6256,6259,6260,6261,6261,6262,6262,6265,6267,6272,6276,6276,6281,6281,6286,6288,6291,6295,6295,6296,6298,6301,6303,6310,6313,6316,6320,6321,6322,6322,6323,6324,6328,6332,6339,6341,6343,6344,6345,6349,6350,6350,6351,6356,6357,6357,6361,6364,6370,6371,6372,6373,6374,6375,6381,6381,6384,6386,6386,6389,6390,6392,6392,6395,6396,6400,6402,6405,6405,6408,6409,6410,6412,6413,6414,6417,6418,6420,6421,6421,6422,6423,6425,6426,6426,6428,6428,6431,6434,6439,6446,6446,6450,6451,6452,6455,6456,6457,6457,6459,6465,6465,6466,6467,6470,6470,6475,6479,6480,6480,6481,6484,6484,6487,6496,6497,6497,6498,6499,6501,6502,6503,6503,6505,6506,6513,6513,6514,6517,6517,6520,6520,6522,6525,6526,6527,6528,6528,6530,6530,6531,6531,6534,6538,6539,6539,6540,6540,6541,6547,6549,6549,6552,6553,6553,6561,6561,6562,6564,6566,6570,6572,6573,6573,6576,6578,6578,6579,6581,6587,6589,6589,6590,6590,6593,6593,6594,6594,6595,6598,6599,6602,6605,6610,6614,6618,6619,6620,6621,6624,6624,6625,6627,6627,6629,6630,6630,6633,6634,6634,6635,6635,6635,6636,6637,6637,6640,6645,6646,6648,6652,6653,6653,6654,6654,6656,6660,6661,6668,6668,6668,6669,6669,6669,6669,6669,6672,6672,6674,6674,6674,6674,6675,6676,6677,6680,6682,6683,6684,6686,6686,6688,6689,6698,6702,6702,6705,6706,6706,6707,6707,6708,6708,6708,6708,6710,6710,6710,6712,6714,6714,6716,6716,6716,6716,6718,6721,6722,6724,6725,6725,6726,6727,6728,6729,6730,6730,6732,6733,6738,6738,6742,6745,6745,6750,6752,6752,6755,6755,6756,6759,6760,6760,6760,6761,6765,6765,6765,6766,6766,6767,6767,6768,6770,6770,6771,6773,6787,6790,6792,6794,6797,6798,6799,6800,6800,6807,6810,6814,6816,6819,6825,6827,6827,6827,6828,6828,6832,6832,6833,6833,6834,6836,6836,6836,6836,6836,6837,6837,6838,6839,6839,6839,6839,6839,6839,6839,6841,6841,6841,6842,6842,6842,6843,6843,6843,6843,6843,6843,6843,6843,6844,6844,6844,6844,6844,6845,6845,6845,6845,6845,6845,6845,6845,6845,6845,6845,6845,6845,6845,6845,6845,6845,6845,6845,6845,6845,6845,6845,6845,6846,6847,6848,6848,6849,6852,6852,6858,6859,6859,6859,6860,6860,6861,6861,6862,6862,6864,6864,6864,6865,6866,6868,6868,6868,6871,6871,6871,6872,6873,6873,6875,6875,6875,6877,6877,6877,6877,6877,6877,6877,6877,6877,6877,6880,6881,6881,6882,6882,6888,6888,6889,6891,6892,6893,6896,6899,6900,6900,6900,6901,6901,6901,6903,6904,6904,6904,6904,6904,6905,6906,6907,6909,6911,6912,6912,6912,6912,6914,6914,6914,6915,6917,6917,6917,6918,6919,6920,6923,6925,6925,6931,6932,6932,6932,6934,6935,6935,6938,6939,6939,6943,6945,6946,6947,6948,6949,6953,6953,6953,6957,6958,6960,6961,6962,6964,6968,6971,6972,6978,6985,6985,6986,6987,6990,6990,6990,6990,6990,6990,6990,6992,6993,6993,6993,6993,6994,6994,6994,6994,6994,6994,6994,6994,6995,6995,6999,7000,7000,7001,7001,7001,7001,7003,7003,7003,7005,7005,7007,7007,7008,7009,7009,7009,7010,7010,7011,7011,7012,7014,7014,7014,7014,7014,7015,7015,7019,7019,7019,7019,7021,7023,7023,7025,7026,7028,7029,7031,7033,7034,7034,7035,7035,7036,7036,7036,7036,7036,7036,7037,7039,7040,7040,7040,7041,7046,7048,7049,7049,7049,7051,7052,7053,7055,7056,7058,7065,7066,7068,7069,7069,7070,7072,7072,7072,7072,7074,7075,7076,7077,7078,7079,7080,7080,7081,7082,7083,7083,7083,7084,7084,7084,7085,7086,7088,7088,7089,7090,7091,7093,7095,7096,7098,7098,7100,7106,7106,7110,7111,7112,7113,7116,7116,7116,7117,7117,7120,7123,7124,7125,7126,7126,7128,7133,7134,7135,7137,7138,7139,7139,7143,7148,7148,7151,7151,7152,7157,7159,7159,7163,7164,7166,7166,7166,7166,7166,7166,7166,7166,7168,7168,7168,7168,7168,7170,7170,7170,7173,7176,7176,7176,7176,7177,7177,7178,7178,7179,7181,7181,7181,7181,7182,7183,7183,7184,7184,7184,7184,7185,7185,7186,7187,7187,7189,7192,7192,7193,7193,7194,7195,7197,7198,7198,7198,7199,7199,7200,7200,7200,7200,7200,7200,7200,7200,7200,7203,7204,7204,7205,7205,7205,7207,7207,7207,7207,7207,7209,7209,7210,7210,7211,7211,7213,7213,7214,7215,7215,7216,7217,7217,7222,7223,7225,7226,7229,7230,7232,7234,7235,7236,7237,7237,7237,7238,7238,7241,7242,7245,7247,7250,7250,7250,7252,7252,7253,7256,7260,7261,7262,7262,7263,7265,7265,7266,7269,7269,7270,7274,7274,7281,7286,7286,7287,7287,7289,7290,7296,7299,7306,7306,7307,7309,7309,7309,7312,7312,7313,7317,7320,7321,7323,7331,7333,7335,7335,7337,7339,7342,7342,7343,7346,7346,7347,7347,7347,7347,7348,7350,7351,7351,7352,7352,7352,7352,7352,7352,7352,7352,7352,7352,7352,7352,7354,7354,7354,7354,7354,7354,7354,7357,7361,7361,7361,7361,7363,7363,7363,7363,7364,7364,7364,7365,7366,7367,7367,7368,7368,7368,7368,7368,7368,7368,7368,7368,7368,7369,7370,7371,7372,7372,7372,7375,7377,7381,7381,7381,7382,7382,7382,7382,7383,7384,7385,7386,7386,7387,7387,7389,7391,7391,7391,7391,7393,7394,7394,7395,7396,7396,7396,7396,7396,7396,7398,7399,7400,7401,7401,7401,7402,7404,7405,7405,7405,7407,7408,7409,7409,7409,7410,7410,7411,7413,7413,7413,7414,7414,7414,7415,7416,7416,7417,7418,7419,7420,7422,7422,7422,7423,7424,7427,7429,7429,7433,7433,7436,7436,7437,7438,7440,7443,7443,7444,7446,7446,7447,7450,7452,7452,7453,7455,7459,7459,7460,7462,7462,7467,7470,7471,7472,7473,7476,7476,7477,7478,7478,7479,7481,7483,7484,7485,7488,7491,7492,7492,7494,7495,7495,7496,7500,7502,7503,7504,7504,7506,7506,7507,7509,7509,7511,7513,7513,7513,7514,7517,7518,7518,7518,7519,7522,7522,7522,7525,7527,7529,7530,7530,7531,7533,7533,7534,7535,7535,7537,7537,7538,7540,7540,7542,7543,7545,7545,7545,7545,7548,7548,7548,7549,7550,7551,7551,7552,7553,7554,7555,7556,7557,7557,7558,7558,7559,7561,7562,7562,7562,7562,7565,7566,7566,7567,7567,7568,7568,7569,7571,7572,7573,7574,7574,7575,7575,7576,7576,7580,7581,7582,7583,7584,7587,7587,7587,7588,7594,7596,7596,7598,7601,7601,7603,7603,7603,7605,7607,7607,7609,7609,7609,7609,7609,7609,7610,7611,7614,7617,7617,7619,7621,7622,7623,7625,7625,7625,7628,7629,7638,7645,7647,7648,7652,7653,7654,7656,7658,7660,7660,7662,7662,7664,7664,7665,7667,7667,7668,7670,7670,7673,7676,7678,7682,7683,7683,7687,7687,7688,7688,7691,7692,7693,7693,7693,7695,7696,7696,7697,7698,7698,7698,7699,7701,7701,7702,7705,7705,7708,7708,7714,7714,7714,7717,7719,7719,7720,7720,7720,7720,7720,7720,7721,7723,7726,7728,7728,7729,7729,7732,7733,7742,7744,7745,7747,7748,7748,7750,7755,7757,7758,7758,7758,7759,7760,7764,7765,7765,7766,7767,7768,7768,7768,7771,7779,7783,7783,7785,7786,7787,7789,7789,7790,7794,7801,7803,7804,7807,7808,7809,7809,7809,7809,7813,7814,7816,7818,7818,7820,7822,7822,7826,7827,7832,7832,7838,7844,7849,7850,7850,7850,7850,7850,7851,7852,7852,7852,7855,7855,7857,7860,7860,7860,7860,7860,7860,7860,7862,7862,7862,7863,7863,7864,7864,7865,7865,7865,7866,7867,7867,7867,7867,7867,7870,7870,7870,7872,7872,7872,7872,7872,7872,7873,7874,7875,7875,7876,7877,7879,7881,7882,7883,7883,7883,7883,7883,7884,7887,7887,7890,7890,7892,7893,7893,7893,7893,7893,7895,7900,7900,7902,7904,7906,7906,7908,7910,7912,7912,7915,7915,7915,7916,7917,7919,7921,7922,7923,7924,7925,7927,7929,7929,7929,7929,7930,7930,7932,7933,7933,7933,7933,7938,7939,7940,7942,7942,7943,7947,7948,7953,7954,7957,7957,7957,7958,7959,7959,7960,7960,7964,7964,7967,7968,7968,7969,7973,7973,7974,7974,7978,7979,7981,7982,7991,7992,7993,7993,7994,7994,7996,7996,7999,8004,8015,8018,8018,8021,8024,8024,8027,8027,8028,8028,8028,8028,8029,8029,8029,8030,8030,8031,8032,8032,8032,8032,8033,8033,8033,8034,8034,8034,8034,8034,8035,8035,8036,8037,8037,8037,8038,8038,8039,8040,8040,8042,8042,8042,8042,8043,8043,8044,8046,8046,8049,8051,8051,8051,8054,8054,8054,8054,8054,8054,8054,8054,8054,8054,8054,8054,8055,8055,8056,8059,8059,8060,8060,8060,8061,8061,8062,8062,8062,8064,8064,8064,8066,8066,8066,8067,8067,8068,8068,8068,8069,8070,8071,8073,8073,8073,8073,8074,8075,8076,8076,8077,8077,8078,8079,8079,8079,8080,8080,8081,8083,8084,8086,8088,8089,8089,8090,8091,8091,8092,8093,8093,8095,8095,8096,8096,8096,8097,8098,8099,8100,8101,8101,8101,8102,8108,8110,8110,8111,8111,8112,8112,8113,8114,8115,8116,8116,8117,8119,8121,8121,8122,8126,8127,8130,8131,8133,8134,8134,8134,8134,8134,8134,8134,8138,8138,8141,8141,8142,8142,8145,8146,8152,8157,8157,8158,8159,8161,8162,8164,8165,8165,8165,8168,8169,8171,8176,8177,8179,8179,8180,8181,8181,8181,8185,8185,8186,8188,8191,8191,8191,8192,8195,8198,8199,8199,8200,8202,8202,8202,8202,8202,8202,8202,8202,8202,8202,8202,8202,8202,8202,8202,8202,8202,8203,8203,8203,8204,8206,8206,8207,8207,8207,8208,8209,8209,8209,8209,8211,8211,8212,8213,8213,8214,8214,8215,8216,8216,8216,8216,8217,8218,8219,8220,8221,8221,8222,8222,8222,8222,8222,8224,8224,8224,8224,8224,8225,8225,8225,8225,8225,8225,8226,8226,8226,8227,8227,8228,8228,8228,8228,8228,8228,8228,8228,8228,8229,8230,8230,8230,8230,8230,8230,8235,8237,8237,8237,8237,8237,8237,8237,8237,8237,8237,8237,8238,8239,8239,8242,8243,8243,8245,8246,8248,8248,8248,8249,8249,8250,8251,8251,8251,8251,8252,8253,8253,8253,8255,8258,8258,8259,8265,8267,8267,8267,8267,8268,8269,8274,8275,8276,8277,8278,8278,8280,8280,8284,8287,8289,8290,8290,8290,8291,8296,8299,8300,8301,8301,8301,8302,8303,8304,8304,8305,8306,8307,8307,8312,8313,8317,8318,8319,8320,8320,8322,8326,8330,8330,8337,8339,8340,8342,8342,8349,8349,8350,8356,8357,8357,8358,8359,8359,8360,8361,8361,8361,8361,8363,8363,8364,8364,8365,8365,8368,8369,8370,8372,8374,8375,8375,8377,8377,8377,8377,8377,8379,8380,8381,8382,8383,8383,8386,8388,8388,8389,8390,8390,8391,8392,8393,8393,8395,8395,8395,8397,8398,8399,8399,8399,8405,8406,8407,8407,8408,8409,8409,8412,8414,8417,8417,8417,8417,8417,8418,8418,8419,8419,8420,8420,8420,8423,8425,8425,8426,8426,8426,8426,8426,8427,8428,8429,8429,8431,8433,8434,8434,8434,8436,8438,8442,8444,8445,8446,8446,8448,8449,8450,8455,8455,8456,8459,8460,8461,8462,8462,8463,8466,8469,8476,8480,8480,8480,8481,8482,8484,8487,8487,8488,8488,8489,8490,8492,8493,8493,8496,8497,8498,8499,8499,8501,8503,8503,8504,8504,8505,8506,8506,8506,8506,8507,8509,8514,8517,8517,8518,8519,8520,8524,8524,8525,8526,8527,8527,8527,8528,8528,8528,8533,8533,8533,8534,8534,8534,8534,8534,8535,8537,8537,8537,8538,8539,8539,8543,8544,8544,8545,8545,8549,8549,8549,8551,8552,8553,8554,8554,8555,8556,8557,8558,8558,8558,8562,8563,8564,8565,8567,8568,8568,8574,8578,8580,8584,8585,8587,8587,8591,8591,8593,8593,8593,8596,8597,8598,8598,8598,8599,8600,8602,8604,8607,8608,8608,8609,8610,8610,8611,8612,8612,8617,8619,8621,8622,8624,8625,8626,8630,8630,8635,8638,8638,8640,8645,8647,8647,8649,8650,8657,8658,8660,8661,8662,8666,8667,8667,8673,8674,8676,8679,8679,8680,8682,8683,8683,8683,8683,8683,8684,8685,8685,8687,8687,8688,8689,8689,8689,8689,8691,8692,8692,8693,8693,8693,8693,8693,8694,8694,8694,8694,8694,8694,8696,8697,8698,8700,8701,8702,8702,8702,8702,8703,8706,8706,8708,8708,8708,8708,8709,8709,8714,8714,8714,8715,8716,8716,8718,8718,8719,8719,8722,8725,8725,8726,8727,8728,8728,8729,8730,8730,8730,8730,8734,8736,8737,8738,8738,8738,8738,8740,8741,8744,8744,8744,8744,8744,8746,8747,8748,8748,8750,8752,8753,8753,8753,8753,8755,8755,8756,8759,8761,8761,8761,8762,8766,8768,8768,8769,8769,8770,8771,8772,8773,8776,8779,8783,8784,8787,8793,8798,8801,8803,8804,8804,8806,8810,8812,8813,8815,8817,8819,8819,8821,8821,8822,8824,8831,8831,8832,8832,8838,8839,8841,8842,8842,8849,8852,8852,8852,8852,8853,8853,8857,8858,8858,8859,8861,8861,8862,8863,8863,8864,8865,8866,8871,8877,8877,8877,8878,8878,8879,8879,8881,8881,8881,8882,8883,8883,8889,8889,8889,8890,8890,8890,8890,8895,8895,8896,8897,8898,8898,8900,8901,8903,8904,8907,8910,8911,8913,8919,8920,8926,8927,8928,8928,8930,8931,8932,8933,8937,8937,8939,8939,8942,8943,8943,8943,8944,8948,8948,8950,8951,8956,8957,8959,8960,8962,8968,8971,8972,8973,8975,8975,8978,8978,8982,8982,8983,8983,8985,8986,8987,8990,8991,8994,8995,8997,9001,9003,9008,9008,9009,9014,9015,9015,9016,9018,9018,9018,9018,9018,9018,9018,9018,9022,9022,9022,9023,9023,9023,9025,9026,9027,9027,9027,9027,9027,9027,9028,9028,9029,9029,9033,9034,9035,9035,9035,9036,9038,9038,9038,9039,9039,9039,9039,9039,9039,9039,9042,9043,9045,9045,9048,9048,9049,9049,9053,9054,9055,9056,9056,9056,9057,9059,9059,9061,9064,9064,9065,9066,9067,9067,9069,9069,9070,9072,9072,9073,9073,9073,9074,9074,9074,9074,9074,9074,9076,9078,9080,9080,9081,9081,9081,9084,9084,9087,9087,9088,9088,9088,9088,9088,9089,9090,9094,9095,9095,9095,9095,9096,9096,9097,9097,9098,9101,9103,9103,9104,9105,9108,9109,9109,9110,9111,9111,9111,9114,9117,9119,9120,9122,9122,9124,9124,9125,9125,9127,9127,9129,9129,9130,9130,9131,9132,9134,9138,9139,9139,9141,9145,9147,9148,9148,9150,9151,9152,9158,9159,9160,9164,9166,9170,9171,9171,9173,9174,9176,9179,9179,9183,9185,9186,9187,9190,9192,9192,9193,9193,9194,9194,9194,9194,9194,9194,9194,9194,9194,9194,9195,9195,9196,9196,9196,9196,9197,9197,9198,9198,9198,9198,9200,9200,9201,9202,9202,9203,9203,9203,9203,9203,9203,9205,9205,9205,9205,9205,9205,9205,9205,9208,9208,9211,9212,9212,9213,9213,9215,9215,9217,9217,9218,9218,9218,9218,9218,9218,9218,9218,9218,9218,9220,9220,9220,9220,9220,9221,9221,9221,9221,9222,9223,9224,9225,9225,9227,9227,9228,9228,9228,9229,9229,9229,9229,9229,9229,9229,9229,9231,9232,9234,9235,9235,9236,9236,9236,9236,9236,9238,9238,9239,9241,9242,9244,9244,9246,9248,9252,9252,9254,9257,9257,9263,9265,9268,9268,9269,9271,9273,9275,9276,9277,9277,9280,9281,9284,9285,9286,9288,9288,9289,9289,9292,9293,9295,9295,9299,9301,9307,9308,9308,9313,9314,9317,9317,9318,9320,9324,9326,9326,9327,9327,9331,9338,9340,9341,9341,9341,9346,9346,9347,9349,9350,9350,9350,9350,9350,9350,9350,9351,9352,9354,9355,9355,9356,9356,9356,9356,9356,9356,9356,9356,9357,9360,9360,9360,9361,9361,9361,9363,9367,9367,9367,9367,9368,9368,9368,9370,9370,9370,9370,9371,9371,9371,9371,9372,9372,9372,9373,9373,9374,9374,9376,9377,9377,9378,9378,9378,9379,9379,9379,9379,9380,9380,9380,9380,9383,9383,9384,9384,9385,9387,9387,9388,9388,9388,9388,9390,9392,9393,9394,9394,9397,9398,9398,9398,9398,9398,9398,9398,9398,9398,9398,9398,9399,9400,9400,9401,9401,9405,9409,9409,9411,9417,9417,9419,9420,9421,9424,9424,9424,9425,9425,9426,9427,9428,9430,9430,9430,9430,9430,9433,9433,9433,9433,9433,9434,9435,9436,9436,9437,9437,9439,9442,9443,9445,9447,9450,9454,9455,9457,9457,9462,9463,9464,9465,9469,9471,9471,9472,9473,9475,9475,9475,9479,9482,9482,9484,9484,9484,9487,9492,9492,9492,9493,9493,9495,9495,9496,9497,9497,9499,9500,9501,9503,9505,9513,9515,9515,9515,9515,9515,9516,9516,9517,9517,9518,9520,9521,9522,9522,9526,9527,9528,9528,9528,9529,9529,9529,9529,9529,9530,9530,9531,9531,9532,9533,9536,9537,9537,9542,9544,9544,9546,9546,9546,9548,9548,9548,9548,9549,9550,9551,9551,9551,9552,9552,9553,9554,9555,9556,9556,9556,9556,9556,9556,9557,9557,9558,9558,9558,9562,9562,9562,9563,9563,9565,9567,9568,9569,9572,9573,9573,9574,9574,9575,9577,9578,9579,9579,9581,9581,9581,9581,9581,9584,9584,9585,9587,9587,9588,9592,9593,9593,9594,9594,9594,9595,9596,9596,9597,9598,9598,9598,9598,9598,9598,9599,9600,9600,9600,9601,9604,9605,9607,9608,9610,9610,9614,9619,9622,9622,9624,9625,9625,9627,9631,9633,9635,9638,9639,9640,9642,9643,9643,9643,9645,9645,9650,9652,9655,9661,9663,9665,9666,9667,9668,9671,9671,9672,9672,9675,9676,9676,9677,9678,9678,9678,9678,9678,9678,9678,9679,9680,9680,9680,9680,9680,9680,9681,9681,9681,9681,9683,9683,9684,9685,9685,9689,9690,9690,9690,9690,9690,9690,9690,9690,9690,9690,9691,9691,9691,9692,9692,9692,9692,9692,9692,9692,9692,9692,9692,9692,9692,9692,9692,9692,9692,9694,9694,9696,9697,9699,9699,9699,9700,9700,9701,9701,9702,9702,9703,9703,9704,9708,9708,9710,9710,9712,9713,9715,9716,9716,9716,9716,9716,9716,9717,9718,9718,9719,9719,9720,9721,9722,9722,9722,9724,9724,9725,9725,9727,9728,9730,9730,9730,9731,9732,9733,9733,9734,9734,9739,9739,9743,9743,9743,9744,9745,9751,9752,9752,9755,9757,9757,9758,9758,9760,9760,9761,9761,9763,9763,9764,9765,9766,9771,9772,9772,9772,9773,9775,9775,9776,9778,9783,9784,9784,9784,9785,9786,9786,9787,9791,9792,9795,9797,9798,9798,9799,9801,9802,9802,9804,9805,9806,9813,9813,9813,9817,9820,9820,9823,9824,9825,9827,9828,9829,9832,9835,9836,9836,9836,9841,9842,9842,9843,9843,9844,9844,9844,9844,9844,9844,9844,9844,9844,9845,9845,9845,9846,9846,9846,9846,9847,9848,9848,9849,9850,9850,9850,9852,9853,9853,9853,9853,9855,9855,9856,9857,9857,9859,9859,9860,9860,9860,9861,9861,9861,9861,9861,9861,9862,9863,9863,9864,9864,9865,9867,9867,9867,9867,9867,9868,9868,9868,9869,9869,9870,9871,9872,9874,9874,9875,9875,9877,9877,9878,9878,9879,9882,9883,9884,9886,9887,9889,9889,9889,9889,9889,9890,9892,9893,9895,9896,9898,9901,9902,9902,9907,9909,9911,9911,9912,9913,9913,9913,9915,9915,9918,9919,9920,9920,9923,9926,9928,9928,9930,9934,9938,9938,9938,9938,9938,9938,9939,9943,9944,9949,9952,9953,9955,9955,9956,9958,9958,9965,9968,9972,9973,9976,9976,9977,9977,9978,9979,9980,9982,9984,9984,9985,9986,9986,9988,9988,9991,9995,9995,9996,9998
1807.7,1803.6,1744.5,1767.6,1841,1815.9,1761.4,1764.8,1814.7,1802.3,1822.7,1753.4,1798.2,1850.6,1794.8,1782.2,1837.5,1790.9,1751,1796.2,1838.2,1749.4,1774.5,1821.5,1741.4,1795.2,1837.6,1752.7,1836.3,1813.7,1819.9,1818,1769.3,1850.4,1855.5,1801.1,1861.7,1840.4,1838.5,1778.8,1856.2,1830.9,1805.5,1745.2,1841.3,1846.9,1841.8,1784.9,1800.6,1750.7,1765,1847.8,1757,1787.9,1783.9,1830.9,1774.4,1770.2,1801.2,1845.7,1790.1,1779,1792.9,1760.8,1815.2,1812.5,1826.1,1748.9,1746.5,1790.9,1800.4,1781.5,1816.8,1794.2,1780,1802.3,1800.1,1851.3,1791.8,1840,1784.8,1765.5,1848.9,1747.3,1823.4,1770.8,1763.9,1750.8,1810.1,1855.9,1833.1,1813,1835.7,1784.1,1856.3,1767.8,1786.5,1838.5,1827,1832.9,1781.9,1814.5,1814,1843.1,1854.8,1833.1,1781.5,1834.1,1841.7,1783.3,1832.5,1851.1,1818.5,1773.8,1780.8,1824.5,1768.6,1794.9,1808.8,1748.5,1768.2,1838.7,1802.7,1846.4,1795.1,1758.4,1781,1760.7,1763.7,1771.1,1748,1815.9,1814.1,1764.8,1769.9,1825,1849.5,1780.6,1771.1,1760.9,1811.5,1795.9,1760,1814.9,1843.5,1779.2,1828,1816.5,1758.8,1762.7,1823.6,1770.3,1827.3,1787.4,1802.5,1803.1,1843.5,1776,1822.5,1774.5,1851.4,1796.3,1747.5,1745.4,1838.3,1809.8,1768.8,1784.2,1761.5,1765.9,1815.9,1782.9,1753.1,1839.1,1769.2,1738.1,1775.5,1778.2,1776.3,1830.3,1779.6,1837,1801.3,1753.8,1829.2,1808.4,1766.8,1850.8,1742.3,1804.4,1781.6,1806.9,1843.1,1781.2,1784.7,1812.5,1767.5,1813.4,1768.4,1786.8,1777.9,1790,1769.4,1797.7,1811,1756.6,1799.6,1821.6,1774.2,1827.7,1839.4,1748,1751.2,1837.5,1765.5,1809.4,1736.2,1810.1,1776.4,1769.3,1782.4,1791.8,1821.8,1760.8,1848.3,1817.6,1810.9,1751.1,1779.9,1775.7,1839.3,1810.9,1812.1,1820.6,1835.3,1786.5,1817.9,1808.3,1783.3,1786,1845.9,1778.9,1825.5,1837.7,1801.9,1794,1760.1,1856.4,1797.2,1784,1746.9,1828.8,1864.5,1746.2,1785.5,1756.7,1766.9,1795.7,1802.2,1822.3,1845.9,1768.4,1807.5,1848.8,1795.3,1849.9,1759.9,1801.9,1819.7,1774.4,1820.3,1815.9,1753.2,1839.8,1859.2,1803.7,1775.4,1808.2,1771.5,1809.2,1765.2,1839.9,1834.9,1839.8,1774.5,1818.7,1767.6,1852.9,1815.2,1793,1803.5,1773,1756.6,1812,1838.4,1817.7,1850.7,1847.3,1835.5,1789.7,1848.6,1765.8,1856.6,1792.9,1828.2,1836.9,1816.3,1772.3,1840.1,1823.6,1822.2,1811.1,1849,1803.9,1805.6,1779.1,1799.8,1840.5,1769,1784.8,1753,1807.8,1853.5,1840.9,1825.8,1794.6,1822.4,1765.4,1758.3,1781.3,1783,1788.1,1757.5,1759.7,1771.9,1861.3,1760.7,1766.1,1831.5,1826.6,1802.3,1770.8,1833.9,1837.6,1840.2,1816.4,1803.8,1772,1741.4,1838.2,1816.3,1818.6,1823.7,1850.6,1825.5,1780.8,1832.4,1755.3,1771.2,1805.6,1820.8,1848.9,1760.7,1835.4,1753.9,1816.1,1768.7,1840.9,1752.5,1815.2,1770.7,1852,1839.4,1766.6,1783.1,1832.5,1840,1784.2,1845.9,1787.5,1756.6,1791.2,1854.1,1804.8,1820.2,1755.1,1825.6,1769.1,1783.7,1773.5,1832.8,1772.1,1786.8,1852.7,1778.4,1814.5,1810.6,1831.6,1779.1,1821.1,1782.4,1811.4,1770,1763.5,1788.1,1737.8,1755.9,1842.1,1863.5,1764.7,1800,1848.6,1742,1824.7,1796.4,1775.1,1817,1836.8,1806.8,1829.8,1779.9,1845.7,1788.2,1836.6,1778.5,1815.2,1849.4,1789.9,1769.5,1827.1,1755.8,1851.3,1805.7,1825.1,1851,1824.1,1844.4,1824.2,1783.2,1791.5,1827.4,1835.5,1779.6,1815.7,1824.8,1844.3,1776.2,1781.6,1787.8,1780.6,1813.1,1804.6,1854.5,1791.5,1833.3,1803.8,1790.7,1813.9,1773.5,1743.9,1816.8,1783.7,1852.1,1776.2,1775.2,1763.7,1807.5,1819.4,1828,1855.5,1778.5,1761.3,1782.5,1758.2,1771.3,1829.1,1782.2,1768.7,1748,1761.1,1823.2,1857.5,1794.9,1774.9,1850.6,1822,1816.4,1833.2,1805.8,1822.4,1793.7,1777.1,1843.5,1824.9,1837.7,1828.4,1761.5,1816.8,1838.7,1740.4,1782,1774,1839.3,1844.1,1749.9,1826,1773.3,1834.8,1847.3,1818.2,1791,1740.7,1750.5,1811.8,1813.2,1823.2,1787.9,1750.5,1805.8,1861.3,1754.9,1847.9,1800.2,1814.9,1844.1,1787.2,1860.6,1773,1779,1847.7,1822.7,1831.8,1768.7,1751.8,1836.7,1745,1778.9,1774.6,1838.5,1806.7,1800.9,1781.1,1843.1,1815.7,1820.3,1829.5,1834,1780.1,1804.2,1820.7,1775,1770.6,1745.9,1774.7,1812.6,1831.9,1837.9,1767,1792.4,1792.6,1779.3,1816.8,1773,1783.3,1839.8,1830.1,1786.2,1766.3,1809.2,1767.7,1859.1,1775.8,1759.5,1767.8,1808,1785.1,1758.6,1856,1776.2,1787.5,1852.8,1841.4,1817.7,1815.4,1796,1824.8,1783.3,1806.4,1762.3,1759.1,1761.8,1797.5,1800.8,1818.5,1832.7,1781.6,1819.7,1830.9,1819.2,1793,1754.7,1784.1,1774.4,1834.1,1780.5,1838.3,1859.2,1851.7,1849.5,1850.6,1784.9,1778.9,1768.7,1842,1816.1,1758.6,1740.9,1832.3,1785,1782.5,1754.4,1760.9,1774.7,1740.5,1812,1822,1801.9,1809.6,1762.5,1835.5,1824.5,1752.9,1788.5,1803.6,1845.9,1822.2,1779.8,1791.6,1815.4,1812.2,1814.2,1757.2,1845,1836.7,1766.6,1769.5,1756.5,1805.9,1815.8,1764.4,1780.2,1749.3,1796.2,1854.1,1785.5,1759,1842.2,1813.4,1792,1822.5,1777.2,1802.2,1798,1764.6,1842.7,1807.3,1821.5,1804.1,1799.4,1798.8,1791,1791.7,1756.6,1843.7,1775.7,1797.5,1846.2,1842.9,1836,1815.5,1809.3,1789.5,1754.9,1833.2,1762.1,1845.6,1783.2,1804.1,1837.5,1848.6,1805.5,1842.2,1812.5,1782.3,1816.1,1766.9,1770.3,1787.7,1833,1802.1,1783.3,1845.8,1765.3,1826.6,1748.5,1741.8,1827.5,1764.9,1846.8,1744.7,1776.9,1806.1,1759.9,1803.1,1826.1,1769.9,1849.9,1854.7,1829.5,1780.7,1841,1763.8,1776.4,1823.4,1794.7,1785.1,1776.5,1767.1,1849.8,1782.9,1787.1,1784.9,1765.8,1821,1783.8,1762,1801.8,1749.4,1754.1,1847.9,1762.5,1777.3,1800.5,1821.8,1763.3,1746.5,1818.2,1809.6,1775,1815.8,1749.8,1855.9,1835.3,1782.4,1755.7,1844.6,1817.9,1772.2,1771.9,1834.3,1785.6,1850,1772.9,1841.3,1795.9,1850.9,1795.8,1758.8,1806.1,1774.5,1770.7,1814.1,1788.5,1789.4,1806.1,1743.9,1806.6,1855.9,1807.2,1820.9,1814,1762.5,1760.8,1774.5,1770.5,1816.1,1750.2,1797.1,1808.9,1834.6,1768.4,1769.2,1770.6,1781.5,1766.7,1826.6,1766.2,1821.5,1785,1835.1,1836,1832.3,1837.6,1787.3,1763.8,1811,1795.3,1831.4,1850.3,1799.1,1781,1844.7,1785.1,1821.3,1768.9,1841.9,1759,1780.7,1803.9,1810.6,1781.5,1750.6,1798.2,1771.9,1784.7,1799.8,1846.3,1766.8,1823.3,1835.5,1821.6,1808,1826.1,1849.4,1771.3,1836.3,1805.1,1811.7,1789,1838.7,1819.1,1787.8,1805,1801.3,1774.1,1762.4,1763.8,1811.6,1804.5,1775.4,1831.5,1837.3,1828.8,1768.6,1814,1793.6,1772.3,1822.8,1843.7,1794.9,1770.7,1777,1842.5,1767.8,1765.9,1840.9,1807.6,1769.5,1852.9,1806.2,1788.1,1782.4,1828.8,1754.3,1793.5,1789.7,1852.2,1749,1839.3,1779.6,1826.5,1807.1,1811.4,1784.4,1804.4,1837.2,1780.4,1844.2,1752.1,1858,1836.4,1771.4,1812.7,1836.9,1846.3,1748.9,1829.8,1804,1752.2,1841.9,1810,1782.6,1834.4,1846.3,1781.1,1806.6,1786.8,1742.6,1846.4,1763.2,1851,1758,1787.7,1842.1,1850.8,1794.4,1843.3,1769.2,1766.9,1819.8,1771.5,1843.7,1836.3,1785.1,1767.6,1805.2,1743.8,1813.6,1738.4,1787.9,1778,1845.5,1846.1,1827.9,1829.2,1846.9,1832.6,1786.5,1847.3,1756.1,1788.8,1796.1,1755.5,1849.2,1764.1,1813.4,1768.9,1797.2,1838.6,1770.2,1849.7,1796,1787.3,1764.7,1836.5,1824.6,1794.2,1750.8,1818.6,1811,1787.4,1836.2,1764,1860.3,1834.5,1767.4,1779.5,1799.4,1831.3,1836.1,1771.7,1811.1,1762.9,1757.9,1764.9,1786,1766.4,1762.7,1842.2,1767.2,1815.5,1770.4,1748.4,1829.8,1749.6,1792.7,1820.7,1795.6,1816,1762,1794.1,1805.9,1745.1,1746.5,1818.9,1778.1,1842.5,1857.2,1804.6,1855.5,1773.7,1839.6,1842.6,1797.6,1804.4,1857.7,1836.5,1826.3,1777.3,1784.8,1839.9,1772.6,1764.2,1787,1820.4,1814.7,1738.3,1780.7,1827.1,1818.1,1780.9,1786.8,1768.5,1786.8,1815.3,1841,1827.2,1831.7,1851.8,1746.7,1796.2,1812.4,1832.7,1805.5,1763.4,1844.7,1808.3,1771,1833.9,1756,1837.7,1774.4,1838.2,1800.6,1770.8,1852.1,1861.7,1856.1,1807.7,1834.4,1829.7,1789.8,1853,1805.7,1790.7,1781.7,1750,1798,1836.7,1852.2,1809.3,1790.5,1757,1777.8,1824.4,1793.1,1766,1853.7,1846.2,1837.3,1828.1,1787,1831.3,1758.6,1829.7,1824.5,1823.9,1771.1,1815.9,1791.5,1769.2,1834.8,1836.1,1741.7,1783.9,1772.3,1847.3,1827.8,1761.5,1861,1775.4,1806.6,1775.9,1826.5,1821.4,1768.9,1806.6,1772.8,1783.1,1814.3,1841.8,1825.1,1789.3,1791.4,1804.7,1773.7,1851.8,1796.8,1803.5,1803,1805,1779,1829.5,1856.3,1838.5,1784.2,1757.6,1803.7,1791,1817.4,1753.8,1800.7,1833.5,1829.2,1746.6,1856.1,1845.9,1752.5,1853.6,1829.1,1785.1,1775.6,1773.1,1857.4,1767.2,1793.5,1822.8,1761.3,1746.7,1847.9,1791,1808.2,1768.1,1803,1822.9,1740.7,1800.2,1774.3,1850.1,1811.1,1794.2,1842.4,1802.2,1848.3,1774.5,1773.6,1747.5,1834.5,1848.8,1745.2,1849.6,1748.6,1807,1845.3,1835.3,1798.2,1808.6,1838.7,1759.5,1753.6,1793.9,1771.2,1819.8,1775,1842.4,1813.4,1764.5,1854.1,1828,1781.3,1849.8,1763.8,1794,1855.1,1800.9,1858.8,1773.7,1839.4,1830.5,1779.6,1819.4,1853.2,1813,1793.5,1757.3,1813.3,1767.6,1849.9,1772.1,1761.6,1750.4,1810.7,1772.3,1767.2,1847.9,1827.7,1761.5,1849.6,1774.8,1829.6,1780.1,1818.6,1799.4,1750.4,1817.9,1751.5,1827.4,1792.9,1850.4,1859.7,1833.9,1766.5,1759.9,1832,1775.9,1854,1812,1770.6,1812.8,1775.1,1858.9,1801.9,1765.1,1813.5,1843.8,1825.6,1849.3,1782,1800.2,1756.5,1837.4,1746,1818.6,1847.6,1786.5,1768.8,1784.3,1768.7,1787.7,1841.9,1798.8,1859.7,1844.2,1812.4,1823,1771.3,1804.2,1802.8,1747.1,1810.6,1830.4,1790.7,1783.7,1778.2,1845.7,1833.7,1824,1791.5,1776,1786.5,1807.1,1830,1820.8,1864.6,1807.7,1779.7,1786.9,1787,1825.4,1843.5,1808.9,1841.9,1800.1,1845.9,1764.7,1742.1,1860.7,1818.2,1849.6,1779,1822.3,1789.4,1838.4,1842.5,1771.6,1788.3,1769.6,1848.2,1788.6,1811.6,1770.3,1758.3,1784.2,1797.5,1783.5,1826.2,1796.6,1825.6,1784.6,1811.5,1837.1,1760.2,1759.1,1757,1762,1756.7,1855.6,1861,1787.5,1818.4,1782,1810.2,1792.4,1779.5,1805,1859.6,1737.4,1802.4,1759.1,1795.4,1784,1799.3,1850.3,1811.6,1844,1802.8,1778.9,1760.2,1846.9,1783.9,1783.8,1851,1820.5,1855.4,1837.1,1761.6,1787.7,1759,1819.6,1754.9,1786.8,1824.7,1780.3,1829.9,1842.9,1837.7,1761.7,1845.8,1764.1,1854.1,1769.8,1808.2,1846.1,1842.2,1840.8,1830.1,1761.4,1792.4,1764.9,1814.2,1763.4,1776.9,1761.9,1776.4,1787.3,1838.9,1786.9,1835.9,1834.1,1806.3,1790.5,1840.7,1833.6,1798.4,1812.8,1812.3,1863.4,1800.1,1826.9,1800,1781.9,1778,1767.1,1766.4,1787.5,1852.8,1759.6,1838.7,1841.3,1801.8,1826.4,1832.4,1755.7,1788.4,1810,1818.8,1795.3,1818.7,1814.6,1763.6,1772.8,1760.1,1777.5,1799.1,1788.3,1782,1850.5,1817.1,1832.7,1792.4,1806.9,1834.7,1843.4,1806.7,1772.2,1747,1771.5,1845.9,1825.8,1849.9,1770.6,1756.9,1817.7,1790.2,1832.2,1777.1,1792.4,1844.9,1821,1797.7,1852.3,1754.1,1819.7,1795,1834.2,1763.5,1826.3,1833.6,1823,1817.1,1767.7,1773,1781.6,1854.9,1782.8,1814.3,1806.3,1851,1845,1836.5,1848,1817.2,1863.6,1821.8,1810.9,1779.8,1819,1789.1,1804.4,1792.6,1805,1781.8,1757.7,1749.8,1823.6,1742,1776.5,1822.7,1827.3,1841.2,1737.4,1781,1772.4,1857.6,1766.7,1747.3,1748.1,1839.8,1833,1843.9,1751.9,1835.7,1789.1,1850.8,1828.2,1771.4,1746.3,1767.6,1818.7,1848,1828.4,1812,1788.3,1846.5,1832.3,1792.2,1815.6,1758.8,1821.8,1808.6,1822.4,1801.9,1829.9,1751.4,1785.5,1849.5,1757.9,1837.5,1835.8,1811,1796.3,1789.3,1820.9,1848.1,1847.8,1843.6,1763.9,1757.6,1790.3,1808.1,1801.9,1769.6,1737.2,1769.5,1822.4,1851.4,1774.7,1759.2,1781.7,1769.1,1846.7,1823.7,1774.7,1812.3,1832.6,1821.6,1742.7,1810.2,1823.7,1786.7,1784,1840.8,1772.2,1803.5,1781.9,1843.6,1762.3,1781.4,1787,1756.3,1848,1789.1,1794.2,1817,1801,1830.6,1779.6,1778.2,1769.1,1748.7,1827.6,1819.2,1805.1,1830.5,1864.2,1828.1,1788.3,1843.8,1793.6,1786.9,1854.8,1759.9,1842.1,1784.2,1815.2,1845.5,1793.9,1836.4,1854.7,1852.1,1776,1815,1820.6,1824.1,1806.8,1843.3,1826.8,1778.5,1781.4,1840.8,1836.9,1842,1796.4,1778.3,1788.6,1765.3,1753.4,1773.5,1850.1,1838.9,1739.7,1808.5,1834.5,1850.1,1761.5,1797.4,1826.2,1801.8,1812.1,1776.3,1821.5,1788.8,1811.2,1807.6,1805,1775.8,1795.9,1783.9,1824.1,1771.1,1833,1847.7,1772.2,1811.7,1861,1820.3,1742.1,1764.6,1846.3,1799.8,1772.4,1842.4,1764,1772.7,1810.4,1782.7,1796.6,1799.9,1851.1,1799.6,1792,1821.5,1770.9,1782.9,1815.7,1756,1853.8,1826.8,1847.3,1822.4,1761.6,1763.2,1849.7,1792.8,1825.3,1858.6,1849.1,1813.1,1750.4,1801,1819.8,1819.3,1811.4,1817.2,1782.9,1843.8,1810,1767.2,1787.7,1776.9,1763.1,1858.8,1802.8,1844.2,1807.8,1830.5,1761.9,1752.9,1833.4,1793.1,1757.8,1796,1854.4,1792,1859.2,1813.5,1807.7,1764.3,1782.2,1756.4,1760.8,1773,1796.5,1824.5,1776,1832.7,1802.4,1777.6,1809.3,1835.3,1785.5,1765.9,1842.9,1829.9,1761,1826.1,1813.3,1767.3,1816.9,1755.5,1807,1840.5,1788,1760.6,1854.6,1833.1,1761.3,1783.9,1818.1,1775.2,1814.3,1800.9,1807.9,1770.9,1761.2,1845.8,1797.4,1786.8,1841.8,1803.6,1818.9,1819.6,1784.8,1822.4,1817.5,1817.8,1823.5,1768.3,1811.6,1770.1,1855.4,1803.4,1831.1,1748,1760.5,1758.1,1840.9,1806,1801.7,1761.4,1840.2,1838.6,1800.5,1800.4,1782.9,1834.3,1781.5,1778.3,1796.3,1803.7,1805.1,1812.7,1783,1772.9,1858.3,1804,1781.9,1853,1804.6,1815.4,1776.5,1827.2,1810.8,1822.1,1830.5,1761.4,1839.4,1835.7,1768.2,1783.2,1763.9,1775.2,1860.6,1846.9,1856.5,1821.8,1802.9,1818.5,1800.5,1782,1785.8,1771.9,1766.9,1841.8,1775.3,1852.1,1780.9,1824.8,1775.9,1821.6,1812.7,1832.2,1768.2,1821.8,1771.6,1807.2,1806.2,1814.9,1850.2,1821.9,1775.9,1785.3,1847.4,1857.9,1829.5,1759.7,1838.1,1767.8,1766.5,1783.8,1837.4,1759.7,1803.9,1792,1853.8,1786.7,1801.5,1800.5,1828.3,1844,1778.8,1784.8,1764.3,1801,1758.1,1759.9,1787,1838.7,1764.8,1758.1,1860.2,1775.7,1744.9,1851.3,1787.2,1815.3,1802.4,1820,1819.5,1771.5,1805.8,1825.9,1770.3,1818.8,1822.9,1745.5,1806.3,1787.1,1780,1841,1828.1,1774.4,1842.8,1773.7,1818.7,1829.8,1845.3,1760.4,1817.9,1835.9,1833.9,1795.2,1849.2,1765.9,1829.3,1787.1,1837.7,1749.8,1819.3,1760,1793.6,1816.6,1798.9,1825.5,1789.7,1823.4,1785.7,1805.8,1858.1,1795.3,1812.3,1821.8,1776.6,1776.1,1807.2,1804.9,1828.8,1846.5,1756.4,1847.2,1858.6,1787.6,1839.1,1839.1,1822.3,1807.1,1813.4,1821.8,1813.3,1783.5,1858.9,1843.8,1763.3,1787.6,1840.8,1805.6,1786,1842.4,1843.1,1789.7,1850,1789.2,1766,1781.2,1841.4,1768.6,1774.9,1766.1,1772.6,1808.6,1773.3,1849.4,1812.9,1765.9,1788.7,1813.3,1840.9,1780,1837.4,1799.6,1770.3,1825.9,1788.4,1846.3,1816.2,1754.1,1838.2,1807.5,1853.9,1848.8,1823.5,1864.3,1819.5,1834.4,1842.3,1750.3,1825.2,1750,1838.4,1749.2,1843.5,1799.8,1803.9,1811.1,1766.1,1758.7,1752.4,1832.5,1762.5,1744.8,1844.7,1856.6,1765.7,1754.9,1767.1,1771.2,1792,1818.5,1737.8,1763,1835.6,1815.9,1763.1,1750.7,1813.8,1816.1,1781,1851.5,1820.6,1809.7,1789.8,1790.6,1762.8,1742.3,1782.8,1814.4,1772.9,1813.4,1828.2,1800.9,1795.9,1842.8,1829.3,1853.1,1846.3,1748.3,1842.9,1783,1798,1764.5,1760.9,1811.7,1780.7,1833,1800.7,1825.3,1777,1830.4,1827,1789.8,1781.3,1778.1,1857.4,1770.6,1780.3,1813.1,1851.4,1812.5,1832.3,1769.5,1775.2,1749.6,1811.3,1806.3,1763.2,1796.9,1780.9,1823.1,1782,1796.9,1767.3,1804.9,1849.1,1815.1,1820.1,1765.5,1810.6,1806.2,1819,1804,1853.9,1823.9,1822.8,1843,1806.4,1844,1784.8,1822,1835.6,1792.5,1803.1,1758.4,1778.1,1758.4,1808.6,1853.3,1765.3,1849.2,1761.4,1767.7,1752.8,1796.3,1781.2,1820.8,1830.1,1772.2,1750.6,1834.4,1774.4,1799.6,1823.1,1840.3,1804.1,1811.7,1826.3,1757.3,1776,1811.9,1813.4,1797.6,1761.3,1814.4,1806,1857.5,1811,1855.6,1761.7,1757.2,1779.2,1795,1842.6,1829.5,1846.1,1844.5,1837.1,1747.1,1761.8,1789.3,1802.9,1853.6,1780.8,1857.8,1790.5,1837.7,1816.6,1760.1,1761.4,1767.1,1805.5,1775.5,1838,1844.3,1791.6,1765.4,1787.7,1770.9,1845.7,1856.5,1782.4,1843.4,1807.9,1857.2,1787.4,1822.2,1836.9,1813.2,1807,1764.9,1791.2,1770.4,1827.1,1855,1828.3,1846.9,1798.4,1762.1,1821.7,1807.8,1856.3,1788.8,1834.7,1826,1782.4,1741.1,1822.3,1852,1786.2,1842.7,1777.8,1776.2,1814.6,1758.5,1826.4,1802.5,1782.6,1785.7,1779.4,1794.2,1855.4,1763.8,1837,1750.8,1800.8,1825.4,1750.5,1832.8,1807.5,1738.7,1777.6,1779.4,1785.9,1850.5,1799.5,1767.5,1760.9,1782.4,1807.2,1841.1,1786.9,1800.9,1747.8,1773.1,1764.9,1856.2,1786.3,1796.7,1799.1,1841.7,1758.9,1797.2,1830.3,1805.5,1785.2,1764.3,1824,1775.3,1802.5,1776,1751.8,1814.8,1774.6,1844.7,1746.7,1832.3,1847.7,1825.4,1778.4,1791.4,1849.2,1739.9,1819.9,1833,1833.9,1832.6,1820,1800.6,1780.9,1828.1,1840,1785.3,1855.7,1777.1,1786.9,1793.1,1783.7,1791.2,1788.7,1778.7,1806.5,1800.7,1783.2,1852.9,1770.8,1760.2,1841.1,1821.7,1811.1,1794.6,1804.2,1795.5,1851.1,1779.1,1844.4,1807.7,1777.1,1787.6,1773.4,1797.2,1777.6,1776.1,1772.6,1838.6,1853.6,1838.7,1797.4,1778.9,1751.2,1825.5,1805.1,1809,1760,1824,1767.6,1796.3,1815.7,1823.1,1767.7,1772.5,1853.5,1843.2,1825,1859.4,1780.6,1859.5,1805.5,1791.5,1853.3,1781.2,1751.3,1762.3,1803.8,1832.4,1855.3,1796.6,1767,1764.6,1804.7,1786.3,1772.9,1751.4,1817.1,1754.9,1830,1764,1805.1,1794.5,1855.2,1776,1795.6,1813.9,1773.2,1829.1,1811.2,1810.9,1808,1761.7,1802,1786.5,1833.1,1820.5,1820.4,1761.9,1779.8,1765.2,1810.8,1817.2,1844.9,1856.1,1779.8,1776.5,1834.1,1756.1,1815.3,1778.8,1761.8,1827.3,1778.9,1826.9,1827.9,1840.7,1812.7,1785.4,1800.6,1849.6,1784.7,1776.1,1776.8,1819.3,1768.4,1809.6,1752.6,1857.9,1772.8,1764.1,1846.6,1858.1,1834.1,1844.2,1823.5,1853.6,1818.9,1821.7,1798.3,1806.9,1778.4,1794.3,1845.4,1849.3,1832.4,1796.6,1811.1,1835.6,1817.3,1801.5,1758.8,1847.9,1826.2,1782.8,1794.4,1829.3,1763.6,1818.8,1847.6,1760.6,1783.4,1805.8,1826.9,1806.2,1835.8,1784.6,1806.4,1765.9,1757.7,1755.8,1827.5,1801.3,1768.1,1762.2,1802.6,1772.8,1780.9,1795.5,1821.5,1804.6,1815.5,1835.7,1789.7,1776.2,1819.4,1757.6,1831.3,1758.9,1777.2,1816.3,1775.4,1801.7,1849.1,1812.3,1772,1767.2,1761.6,1767.5,1803.6,1842.3,1813.7,1804,1806.4,1815.3,1843.2,1826.4,1788.5,1809.2,1833,1760.7,1796.8,1833.6,1770.8,1854.6,1802,1844.5,1800.5,1781.9,1768.2,1766.9,1846.3,1796.4,1850.4,1786.7,1808.6,1820.1,1827.7,1811.7,1750.5,1832.9,1774.9,1801.7,1764.1,1821.8,1820,1829.4,1809.4,1794,1820.8,1841.9,1779.6,1808.2,1814,1830.5,1737.2,1760.9,1820.6,1802.9,1802.8,1826.7,1795,1841.7,1791.1,1845.1,1764.2,1814.5,1803,1836,1820.2,1825.5,1818,1789.4,1813.9,1773.2,1796.4,1790.6,1832.5,1840.6,1762.2,1823.8,1822.3,1749.3,1847.8,1765,1777.3,1824.2,1774.9,1761.9,1828.7,1795.7,1801.9,1747.1,1771.8,1798,1841.1,1758.4,1818.6,1840.6,1814.1,1827.5,1814.8,1765.4,1752,1821.2,1823.5,1776.1,1786.1,1767.8,1805.4,1862.8,1758,1768.9,1827.9,1766.1,1798.7,1769.1,1840.1,1802.7,1795.6,1825.4,1791.7,1781.8,1850.4,1785.3,1839.6,1782.2,1800.4,1783.5,1780.1,1781.1,1754.7,1797.1,1808.2,1852.1,1777.6,1791.1,1821.9,1857.5,1757.4,1781.4,1863.8,1790.2,1781.9,1817.5,1750,1830.1,1816,1790,1821.3,1768.5,1779.2,1819.3,1849.5,1854.1,1787.5,1788.6,1736.3,1850,1839,1827.2,1827.1,1820.2,1811,1786.1,1751.3,1836,1778,1854.3,1789.7,1836.7,1844,1823.9,1752.9,1823,1862,1771.2,1776.2,1837.2,1859.4,1771.4,1798.4,1818.3,1776.2,1829.3,1787.3,1845.1,1828.3,1829.5,1800.6,1822.9,1793.5,1843,1851.5,1828.4,1860.1,1838,1772.1,1823.6,1749.7,1830.3,1766.9,1792.5,1818.1,1787.8,1828.8,1813.3,1814.8,1809.2,1854.3,1835.8,1765.1,1859.9,1810,1779.1,1844.3,1832.8,1798.7,1810.6,1780.9,1781.6,1768.8,1781.4,1806.8,1800.1,1829.5,1777.3,1832.7,1761.2,1804.1,1779.5,1843.6,1774.9,1843.9,1772.3,1829.4,1831.7,1823.6,1842.8,1831.7,1833.8,1745,1771.9,1812.8,1832.9,1772.3,1769.5,1813.6,1814,1815.4,1754.6,1849.9,1791.5,1758.9,1844.7,1810.3,1845.3,1806.9,1770.4,1792.3,1799.2,1796.9,1793.1,1811.3,1830.2,1762.7,1749,1770,1823.5,1800.5,1831.1,1751,1775.1,1797.1,1786.8,1841.8,1793.8,1776.3,1765.6,1754.9,1780.4,1833.3,1767.1,1824.4,1782.7,1776.7,1822,1862,1840.9,1816.8,1802.4,1774.4,1808.7,1781.3,1841,1806.1,1847.9,1784.5,1764.8,1813.9,1801.8,1850.5,1778.3,1793.4,1815.2,1750.6,1844.3,1793.2,1823.8,1798.6,1817,1751.9,1773.7,1820,1755.1,1840.7,1771.4,1759.8,1760.3,1811.1,1781.6,1793.8,1748.5,1820.9,1854.7,1771.9,1764.4,1821.9,1805.9,1819.5,1797.5,1846.3,1757.1,1777.9,1788.7,1775.3,1800.6,1845.3,1848.9,1786.2,1815.4,1848.7,1786.1,1791.9,1770.7,1836.6,1768.7,1826,1774.9,1810.4,1819,1754.3,1756.5,1796.9,1851.8,1789.4,1808.6,1820.9,1819.8,1777.6,1811.3,1827.2,1828.3,1762.5,1841.4,1767.4,1740.3,1817.1,1774,1829,1748.6,1797,1764.2,1845.3,1843.3,1784.1,1823.2,1802.6,1748.3,1798.2,1824.3,1741.5,1831.7,1837.7,1846.7,1814.5,1772.2,1752.7,1818.4,1758.4,1824.4,1853.9,1783,1827.2,1861.1,1775.6,1774.2,1747.6,1751.7,1799.3,1849.7,1752.5,1830,1788.6,1781,1834.3,1789.4,1788.3,1845.2,1784.2,1798.5,1761,1776,1774.7,1818,1784,1776.1,1830.3,1775.7,1832.8,1830.6,1759.1,1764,1752.3,1810.6,1786.6,1834.4,1791.4,1829.6,1837.3,1766.9,1786,1850.5,1778.5,1823.8,1754.3,1819.3,1793.3,1848.5,1777,1835.1,1853.7,1816.5,1780.8,1770.9,1846.1,1796.5,1757.6,1813.2,1811.2,1834.5,1824.3,1838.7,1770.7,1781.1,1828.4,1749.8,1862.8,1795.5,1834.2,1803.8,1757.3,1849.3,1802.3,1778.7,1819.8,1795.1,1831,1780.3,1758.2,1748.6,1801.2,1797.4,1765.9,1793,1831.6,1792.9,1763.7,1840.1,1843.1,1807.7,1750.7,1832.2,1767.4,1799.9,1750.9,1834.9,1799.3,1757,1806.3,1817.2,1777.8,1752.8,1784.4,1751.8,1847.7,1787.8,1804.3,1795.4,1825.4,1839.3,1757.6,1760.8,1849.8,1784.2,1851.7,1793.9,1856.4,1789.2,1829.8,1825.8,1774.1,1823.2,1787.4,1837.3,1754.6,1856.6,1750.3,1783.1,1750.2,1827.3,1792.6,1801.7,1779.3,1837.2,1842.2,1843.8,1809.9,1849.6,1823.4,1787.2,1800.6,1821.4,1768.3,1781.9,1807.5,1755.6,1803,1796.3,1843.1,1770.5,1783.1,1766.6,1852.9,1831.4,1827.6,1756.8,1808.1,1847.9,1798.3,1777.2,1819.2,1737.9,1821.9,1831.6,1791.4,1819.6,1827.2,1762.7,1783.7,1793.5,1779.4,1861.5,1765.5,1761.8,1840.8,1858.6,1828.5,1763.5,1820.1,1776.6,1836.4,1810.1,1744.5,1786.4,1772,1801.5,1775.4,1814.8,1817.6,1809.2,1756.9,1755.6,1858.2,1820.2,1845.4,1766.8,1860.4,1767.5,1841.8,1763.3,1762.4,1807.6,1794.5,1831.5,1789.1,1767.7,1858.4,1811.7,1802.9,1793.5,1756.5,1858.7,1833.9,1812.6,1811.1,1762.5,1772.8,1776.2,1743.7,1839.5,1813.5,1816.1,1794.7,1768.8,1748,1745.7,1763,1800.4,1841.4,1841.7,1782.1,1790.5,1846.3,1821.6,1812.4,1846.1,1846.7,1772.9,1755.7,1814.3,1853,1761.7,1759.2,1821.2,1810.3,1831.4,1806.2,1785.5,1771.6,1750.6,1791,1804.7,1769,1778.1,1770.3,1746.8,1779.3,1838.4,1765.5,1857.5,1752,1774.4,1828.5,1771.9,1765.6,1787.9,1778.7,1794.8,1761.4,1780.8,1809.3,1843.1,1831.5,1815.8,1807.6,1820.5,1815.8,1770.3,1861,1832.8,1772.4,1781.8,1805.7,1805.6,1779.7,1813.3,1739.2,1833.5,1854.5,1818.2,1765.7,1830.1,1839.4,1840.9,1824,1813.5,1815.2,1831.1,1807.1,1829.4,1817.5,1787.4,1770.3,1849.3,1824.5,1788.7,1790.6,1838.1,1814.1,1805.8,1775.4,1837.4,1812.1,1764.4,1755.7,1855.7,1803,1750.8,1761.1,1849.1,1806.7,1750.3,1762.6,1823.3,1770.1,1825.6,1772.5,1764.2,1813.2,1770.6,1846.1,1825.5,1787.5,1797.6,1758.1,1770.6,1853.8,1745.9,1769.9,1766.1,1755.2,1817.7,1823.3,1768.6,1840,1787.3,1841.8,1839.8,1857.8,1807.8,1825,1846.2,1752.3,1757.4,1758.2,1841.7,1796.5,1847.9,1825.2,1786.6,1777.6,1822.1,1782.3,1846.9,1810.1,1846,1833.5,1803.3,1820.4,1788.4,1816,1787.8,1850,1793.7,1765.5,1780.5,1807.1,1823.3,1836.1,1850.5,1825.4,1776.4,1760.8,1802.6,1780.2,1751.9,1816.7,1827.9,1749.1,1847.6,1791.9,1760.3,1757.1,1771.8,1827.4,1844.1,1845.5,1834.1,1783.2,1775.4,1758,1784.3,1781.4,1798.4,1851.1,1823.4,1831.2,1760.3,1838.6,1786.4,1816.5,1793,1780.2,1761.3,1859.3,1835.4,1787.9,1848.5,1814.5,1817.1,1805.2,1748.7,1817.6,1804.2,1754.6,1823.2,1845.2,1844.3,1776,1765.9,1822.4,1803.7,1845.5,1862.2,1769.3,1748.5,1775.9,1842.3,1796.6,1807.3,1817.2,1746.8,1859,1806.2,1757.6,1831.6,1841.9,1743.3,1823.3,1836.9,1748.8,1803,1809.4,1824.6,1842.8,1824.7,1747,1761.7,1811.1,1763.4,1806.5,1783.8,1799.7,1766.3,1794.5,1858.9,1771.1,1762.4,1792,1783.5,1841.4,1762.9,1846.4,1785.7,1807,1818,1792.2,1813.9,1833.9,1774.4,1838.3,1758.1,1797.7,1804.8,1796.4,1778.3,1854.8,1808.1,1800.1,1797.7,1741,1768.4,1816.3,1750.7,1756.8,1763.4,1786.6,1824.2,1812.9,1763.5,1756.7,1810.7,1786.9,1815,1780.2,1860.6,1763.6,1788,1768.8,1794.3,1808.9,1791.2,1821.3,1841.9,1774.5,1821,1768,1862,1755.4,1797.3,1797.3,1839.2,1757.9,1750.7,1824.2,1795.8,1810.9,1757.4,1838.8,1801.9,1786,1830.3,1740.7,1818.2,1775.1,1772.3,1800.6,1772.9,1838.5,1813.7,1836.2,1815.2,1850.7,1796.9,1761.9,1833.4,1779.3,1799.1,1822,1806.7,1836,1800.1,1751.4,1834.1,1858.3,1782.8,1817.9,1793.2,1822.7,1822,1753.2,1842.6,1779.7,1755.9,1791.6,1784.4,1739.9,1796.9,1782.5,1794.4,1784.2,1833.4,1857.2,1809.4,1862,1790.8,1759.3,1860.6,1825.7,1808,1834.2,1814,1809.6,1807,1843.2,1798.1,1852.6,1776.7,1818.8,1839.3,1785.4,1822.7,1801.3,1842.9,1790.3,1779.5,1774.4,1857.4,1807.6,1763.5,1775.9,1832.4,1798.8,1807.4,1852.7,1800.9,1752.6,1780.6,1777.3,1845,1830.5,1810.7,1786.7,1814.9,1843.9,1784.9,1760.8,1748.4,1848.2,1791.5,1861.9,1775.6,1831.2,1832.5,1831.1,1791.2,1801.3,1759.2,1792.2,1782.2,1808.6,1760,1771.4,1842.5,1775.4,1738.4,1834.4,1797.4,1785.3,1799.6,1753.4,1765.2,1826.7,1841.3,1826.1,1781.7,1816.8,1759.4,1769.6,1778.1,1818.5,1805.3,1815.5,1763.7,1769.1,1749.9,1839.2,1761.3,1840.2,1851.8,1765.3,1770.2,1852,1804.6,1795.7,1856.7,1808.1,1760.2,1828.9,1839.3,1765.5,1816.8,1829.6,1856.3,1792.9,1766.2,1839.5,1831.6,1761.9,1835.6,1832.7,1767.4,1825.2,1806.6,1832.4,1790.9,1844.7,1756.2,1815.9,1758.2,1839.1,1816.9,1771.9,1819.6,1768.7,1855,1784.6,1862.6,1811.5,1827.9,1787.7,1761.7,1757.6,1811,1821.7,1787.6,1773.5,1787.8,1806.8,1786.2,1827.6,1798.5,1804.9,1816.9,1778.3,1771.4,1839.1,1753,1778.9,1800.8,1805.6,1843.1,1757.1,1777.4,1786.5,1759.7,1765.5,1761.8,1802.6,1842.8,1818.4,1811.5,1778.4,1850,1749.1,1826.8,1779.8,1811.2,1770.8,1818.1,1762.6,1819.1,1769.1,1837.8,1798.6,1801.8,1829.5,1833.2,1772.1,1850.8,1779.7,1802.1,1834.7,1769.2,1793.1,1797.8,1789.2,1842.4,1842.7,1809.7,1822.5,1801,1845.8,1796.1,1785.2,1772,1783.8,1829.5,1782.1,1855.9,1803.9,1804.1,1837.6,1838.7,1817.2,1805.1,1838.7,1836.7,1770.2,1794.5,1839.8,1814.6,1852.8,1830.1,1774.1,1824.2,1819.7,1774.4,1814.1,1800.1,1757.8,1803.3,1756.4,1789.2,1845.9,1792.1,1801,1824.9,1763.3,1802,1765.3,1839.7,1813.3,1748.7,1791.3,1776.6,1838.8,1748.9,1830.4,1767.1,1820.7,1782,1806.9,1841.7,1839.2,1789.8,1802.1,1771.6,1789.4,1796.5,1820.6,1833.4,1824.3,1809.1,1786.9,1783.1,1793.7,1827.7,1839,1756.1,1808.8,1815.4,1816.4,1787.1,1830.1,1766.9,1767,1804.4,1764.5,1781.9,1778,1832.3,1797.3,1781.7,1817.5,1804.1,1807.8,1781.8,1769.1,1790.1,1772.9,1850.9,1851.8,1846.5,1793.2,1848.2,1796,1741.5,1788.5,1846.6,1808.2,1804.9,1784.8,1809.9,1767.7,1789.5,1856.8,1767,1845.1,1763,1765.9,1789.1,1806.7,1791.9,1834.4,1824.4,1757.6,1802,1775.4,1759.8,1834.6,1821.6,1801.1,1768.2,1808.4,1803.7,1780,1778.7,1756.2,1831.3,1785.2,1826.3,1825.8,1789.9,1858.4,1821.6,1764,1849.1,1757.7,1818.9,1813.7,1859.6,1750.7,1806.9,1806.5,1836.3,1776.2,1800.6,1846.8,1793.3,1820.4,1798.9,1811,1813.5,1852.8,1835.8,1840.3,1849.1,1822.4,1797.2,1845.1,1778.8,1831.7,1759.6,1834.6,1851.9,1822.2,1838.1,1792.5,1808.5,1837.6,1819.3,1805.4,1796.3,1833.9,1825.6,1856.7,1762.1,1763.4,1861.7,1815.1,1790.7,1770,1787.4,1816.2,1837.1,1856.5,1750,1818.9,1821.1,1756,1804,1860.4,1800.8,1741.3,1813.9,1854.4,1847.3,1775.5,1842.6,1857.1,1816.2,1784.5,1827.6,1760.9,1832.9,1760.3,1846.7,1758.4,1796.3,1790.8,1817.6,1825.5,1800.2,1827.6,1845.7,1772.7,1799.4,1743.7,1790,1766.4,1849.9,1809.4,1828.4,1829.2,1817.3,1802.1,1808.5,1755.4,1803.4,1771.2,1825.5,1818.1,1847.6,1759.1,1777.8,1750.1,1769.8,1768.8,1820.9,1783.8,1814.7,1776.4,1855.8,1811.6,1815.8,1776.5,1757.5,1769.4,1742.6,1766.5,1799.1,1771.8,1807.3,1847.2,1736.6,1769.3,1751.7,1846.2,1774.2,1807.1,1822.1,1837.3,1777.3,1830.3,1757.9,1829.8,1786.4,1848.8,1798.3,1853.4,1806.3,1768.5,1842,1760.8,1800.7,1752,1785.1,1768.8,1778.2,1853,1818.3,1841.1,1756.8,1800.7,1821,1788.4,1836.7,1836.8,1763.5,1823.9,1856.6,1857.8,1745,1813.4,1768.6,1811.2,1763.6,1817.1,1781.6,1833.1,1781.4,1815.6,1837.9,1844.2,1832.4,1815.2,1830.9,1790.1,1754.4,1805.1,1839.4,1828.6,1775.6,1818.2,1764.2,1849.7,1754.5,1763.5,1808.1,1834.6,1799.6,1738.2,1771,1853.2,1850.5,1759.3,1793.5,1744,1856.6,1815.1,1835.4,1759.5,1843.5,1810.3,1792.1,1797.6,1775.7,1822.1,1767.3,1747,1777.2,1768.5,1749.8,1795.4,1775.8,1770.2,1852.2,1752.8,1771.8,1853.8,1833.5,1812.3,1795.4,1791.4,1797.3,1786,1765.7,1787.1,1757.3,1790.3,1841.2,1779.1,1809.1,1822.3,1862.1,1847.8,1822.1,1837.1,1770.9,1776.1,1848.5,1739.1,1855.6,1750.9,1783.6,1746.3,1803.2,1827.4,1769.3,1775.3,1808.8,1821.2,1774.6,1770.3,1821.5,1848.6,1818.6,1793,1802.6,1821.1,1744,1863,1817.4,1830.1,1814.1,1812.4,1837.8,1755.1,1849.8,1826.7,1839.6,1801.2,1842.5,1782.6,1768.7,1846.6,1812.1,1772,1739.4,1771.9,1842.2,1783.4,1804.7,1832.5,1779.4,1841.3,1775.9,1772.6,1804.4,1817.8,1818.4,1764.1,1803.9,1832.7,1768.3,1786.4,1830,1827,1839.9,1831,1816,1772.1,1774.6,1810.9,1760.5,1796.4,1760,1818,1840.4,1799.6,1822.9,1827.7,1798.8,1792.4,1812.2,1849.8,1833.1,1840.3,1760.5,1826,1803.8,1773.9,1825.9,1760.3,1841.2,1824.1,1792,1820.5,1805.7,1785,1854.6,1767.4,1802.7,1839.4,1775,1817,1845.7,1794.5,1744.4,1786.3,1792.8,1758.4,1850.7,1768.2,1849.1,1841.7,1831.7,1801.7,1806.1,1839.7,1835.6,1793.4,1787.4,1820,1772.4,1823.5,1788.5,1793.4,1809.8,1776.1,1851,1798.7,1803.9,1838.8,1824.8,1775.3,1859.8,1825.4,1850.9,1789.9,1788.5,1773.8,1837.6,1801.7,1812.4,1740.1,1831,1778.3,1753,1813.4,1787.1,1823.3,1779.5,1846.9,1785,1826,1743,1856.6,1795.7,1832.1,1743.9,1848.5,1780.9,1791.4,1793.4,1794.5,1819.9,1763.7,1830.6,1846.8,1773.9,1834.7,1811,1779.5,1756.1,1771.8,1794.1,1845.6,1778.2,1857.3,1815.9,1799.3,1776.9,1778.2,1747.5,1835.1,1823.4,1780.4,1840.7,1829.3,1787.5,1787.2,1827.5,1776.5,1758,1746.8,1748.8,1814.8,1788.8,1823.4,1808.8,1769.9,1794.2,1810.2,1802.3,1803.7,1845.1,1759.1,1766,1799.2,1765.6,1797.8,1799.9,1771.9,1749.5,1854.3,1843.9,1841.6,1796.3,1811.4,1826,1801.6,1810.6,1753.4,1800.3,1848.3,1844.7,1763.9,1784.8,1794.6,1802.8,1778,1835,1778.1,1786.3,1775.8,1787.2,1809.8,1822.4,1745.7,1795.1,1822.8,1846.7,1788.4,1741.6,1804.4,1839.5,1840.1,1767.6,1741,1817.5,1837.8,1831.7,1782.3,1847,1778.7,1819.7,1827.5,1792.7,1827.8,1759.7,1776.5,1838.7,1764.1,1776,1776.8,1769.9,1791.4,1773.4,1770.5,1758.7,1805.3,1849.2,1837.6,1841.8,1806.8,1804.9,1791,1857,1795.1,1846.9,1748.8,1822.3,1786.1,1811.9,1839.8,1752.7,1810.6,1785.5,1814.8,1753.2,1849.6,1804.6,1798,1788.2,1852,1859.1,1843.9,1762.3,1812.8,1791.8,1762.4,1770.6,1852.5,1789.7,1773.7,1788,1784,1783.7,1828.4,1838.5,1826.4,1797.7,1775.6,1774.3,1808.1,1841.7,1829.1,1811.5,1741.1,1792.7,1773,1781,1818.2,1777.2,1817.7,1788.6,1764.6,1813.1,1770.2,1761.1,1845,1748.2,1805.4,1792.6,1831.9,1775.5,1824.5,1840.8,1763.1,1754.8,1807.4,1804.7,1839.3,1766.7,1813.7,1805.6,1860,1844.8,1810.8,1790.9,1839.9,1832.8,1790.2,1812.3,1828.5,1746.6,1807.1,1772.4,1775.6,1781.9,1833.9,1767.9,1782.8,1767.2,1802.2,1757.9,1861.8,1811.5,1769.8,1791,1833.7,1850.9,1787.2,1755.1,1799,1823.8,1828.9,1825,1781.4,1846.1,1759.1,1818.2,1847.3,1758,1801.9,1784.8,1809.7,1801.4,1795.1,1828.5,1745.1,1764.3,1851.4,1805.6,1818.7,1781.9,1776.6,1756.5,1862.4,1783.7,1763.1,1773.2,1754.7,1768.6,1761.6,1805.8,1823,1776.5,1792.6,1793.9,1835.6,1811.7,1829.8,1806.7,1766.1,1764.9,1799,1775.3,1795.9,1813.4,1818.6,1767.3,1773.6,1790.8,1830.3,1807.2,1829.3,1841.8,1757.9,1836.7,1809.1,1854.7,1852.1,1776.4,1800.5,1832.7,1841.2,1774,1835.6,1822.2,1827.9,1806.1,1855,1823.8,1767.7,1767.3,1844.2,1802.2,1748.3,1772.1,1810.8,1771.1,1759.9,1812.5,1826.9,1748,1852.7,1860.5,1802.8,1836.5,1823.7,1748.7,1762.4,1841.2,1772.7,1854,1777.2,1772.7,1833,1820.8,1842.1,1803.3,1818.2,1835.7,1843.5,1781.3,1841.6,1859.1,1831.9,1771.1,1789.1,1782.3,1838.3,1856.3,1804.4,1793.3,1848.9,1760.9,1817.5,1769.4,1840.2,1829.9,1811.3,1739.4,1792.8,1823,1814.5,1778.6,1827.3,1837.5,1803.7,1795,1844.2,1840.1,1835.3,1851.6,1823.1,1818.8,1815.9,1855.5,1847.8,1834.3,1840.6,1764.6,1829.6,1807.1,1777,1802.1,1778.4,1772.6,1758.7,1828.9,1781,1823.6,1810.5,1839.2,1749.4,1819.9,1790.5,1778.3,1842.6,1846.8,1812.1,1774.1,1794.7,1803.6,1793,1838.3,1770.3,1850.3,1782.9,1853,1830.5,1780.5,1843.2,1788,1756.2,1827.1,1788.1,1835.1,1856.6,1768,1785.9,1814,1833.6,1761.4,1815.7,1776.9,1776.3,1816.3,1800,1774.8,1754.7,1839.1,1804,1843.4,1842.9,1811.5,1806.4,1844.4,1752.9,1841.8,1857.1,1807.7,1758.6,1815.9,1777.9,1837.5,1746.7,1794.1,1766.8,1766.6,1840.2,1808,1821.6,1844.1,1766.4,1847.7,1761.4,1832.8,1836,1847.4,1763.5,1847.6,1780.8,1790,1782.4,1779,1810.7,1771.6,1757.7,1799,1836.6,1806,1796.1,1749.4,1760,1786.3,1848.7,1758.1,1773.9,1862.1,1828.3,1766,1819,1780.3,1776.7,1783,1847.8,1804.8,1820.7,1819.5,1768,1754.9,1823,1788.8,1795,1787,1835.5,1761.9,1766,1763.5,1768.5,1845.9,1770.3,1766,1829.1,1841.1,1744.8,1763.5,1826.3,1827,1816.5,1787.3,1757.9,1818.9,1798.7,1769.6,1841.7,1834.3,1783.1,1839.2,1764.7,1829.1,1783.7,1809.9,1774.8,1825.1,1841.5,1834.5,1844.3,1856.4,1846.3,1796.8,1776.9,1743.3,1835.2,1787,1825.9,1779.3,1827.6,1757.3,1851.6,1781,1831.3,1788.5,1826,1786.8,1823.4,1785,1822.1,1760.6,1780.1,1785.9,1856.8,1745.1,1821,1764.4,1754.1,1780.1,1832.2,1803.5,1759.3,1806.3,1769.6,1848.7,1801,1761.3,1759,1838.4,1753.4,1761.7,1814.4,1795.7,1806.5,1756.9,1848.9,1803.8,1807.7,1774.4,1765.2,1804.7,1796.4,1764.3,1768,1811.8,1784,1797.8,1851.8,1763.4,1820.6,1825.7,1776.1,1829.7,1781,1763.3,1817,1802.9,1766.3,1797.5,1776.2,1764,1823,1857.8,1815.3,1778.6,1817,1760.7,1764,1844.2,1766.2,1762.7,1760.8,1788.4,1847.1,1780.1,1847.5,1831.6,1827.1,1846.1,1738.8,1807,1774.9,1834.2,1766.2,1823.6,1749.4,1811.2,1792.4,1775,1761,1770.2,1829.9,1855.8,1765.7,1846,1817.6,1755.3,1793,1802,1819.9,1833.6,1822.1,1818.8,1804.5,1746.2,1813.7,1768.3,1812.8,1819.7,1791.1,1794.7,1777.1,1808.5,1781.2,1834.9,1761.7,1768,1796.8,1812.3,1770.8,1742.8,1824.6,1804.9,1828.8,1853.4,1848.5,1819,1826.5,1771.1,1833.4,1792.8,1811.5,1776.6,1768.1,1766.3,1757.5,1828.5,1819.2,1779.8,1857.6,1800.2,1766.7,1856,1784.1,1744.3,1792.9,1815,1851.9,1821.9,1853.6,1818.5,1761.9,1788,1804.1,1836.7,1816.6,1810.6,1835,1793,1793.5,1763.3,1818.9,1821.1,1766.1,1815.4,1784.7,1804.3,1843.1,1774.6,1824.5,1808.1,1856.9,1755.6,1778,1772,1798.6,1826.5,1810,1773.3,1787.7,1793.5,1835,1849.4,1818.4,1773.6,1835.3,1758.4,1750.9,1767.5,1748.3,1766.3,1842.2,1809.7,1822.4,1787.9,1789.1,1834.9,1841.3,1780.7,1846.8,1814.7,1788.6,1796.4,1787.4,1777.4,1770,1816,1833.6,1800.7,1841.5,1855.8,1852.3,1779.7,1747.9,1799.3,1823.3,1843.6,1737,1825.7,1789,1824.9,1806.1,1778.9,1825,1787.7,1749.9,1824.4,1790.2,1781.2,1789.3,1804.9,1764.2,1834.2,1840.6,1741,1828.5,1780.7,1820.3,1768.3,1758.4,1797,1771.4,1818.3,1850.1,1787.7,1809.9,1793,1766.6,1854.8,1784.9,1758.6,1847.8,1801.2,1832.1,1802.5,1737.3,1766.6,1813.1,1787.7,1788.2,1857.7,1779.4,1835,1821.7,1764.6,1797.2,1749.1,1839.8,1793.4,1820.5,1823.5,1795.4,1774.4,1851.1,1819.8,1764,1808.6,1855.5,1791.7,1755.4,1828.3,1775.8,1847.2,1849.7,1824.1,1815.5,1861.6,1834.5,1859.5,1775.6,1783.5,1775.5,1760.9,1853.7,1835.2,1784.4,1823.5,1800.1,1759.8,1771.1,1771.1,1824,1819.8,1770.7,1774.8,1764.8,1815.8,1796.5,1831.1,1825,1762.1,1793.3,1815.2,1782,1775.6,1776,1784.2,1754.9,1813.5,1830.6,1783.9,1824.9,1749.2,1826.1,1790.4,1856.5,1794.8,1825.7,1860.9,1815.4,1762.4,1804.6,1793,1845.2,1861.7,1827.5,1832.9,1829.3,1760.8,1855.9,1836.7,1838.9,1831.8,1846.6,1774,1763.4,1753,1759.6,1743.8,1817.6,1858.2,1808.2,1758.1,1760.6,1745.3,1763.1,1781.2,1775.1,1757.2,1855,1754.8,1812.9,1798.6,1775.3,1822.7,1812.7,1812.7,1814.9,1835.7,1741.4,1792.3,1756.9,1748.4,1773.3,1844.8,1771.2,1821.3,1778.5,1783.2,1774.5,1772.1,1842,1741.7,1851.5,1799.8,1810.2,1847.6,1842.4,1783.3,1836.2,1782.4,1778.5,1782.9,1767.8,1760.1,1791.1,1793.8,1851.2,1783,1790.6,1782.7,1848.8,1807.2,1831,1824,1767,1804.1,1790.1,1746.9,1814.7,1765.5,1758.7,1844,1832.2,1843.2,1834,1813.9,1851.2,1832.9,1841.5,1830.4,1794.3,1840.3,1762,1803.2,1837.1,1788.5,1805.2,1794.9,1830.8,1819.8,1802.7,1816.9,1790.8,1770.2,1778.1,1815.6,1828.5,1815.6,1820.1,1781.6,1792.1,1777.8,1815.7,1752.3,1802.3,1791.5,1804.1,1808.2,1765.2,1836.7,1811.7,1849.3,1767.9,1768.7,1790.2,1760.5,1797.5,1813.2,1780.6,1772.9,1745.4,1812.3,1833.6,1793.5,1760,1837,1762.7,1805.8,1818.2,1819.4,1783.8,1787.1,1798.2,1825.1,1823.5,1790.8,1776.6,1844,1814.2,1834,1755,1803.6,1749.4,1746.9,1774.7,1786.5,1805.1,1766.2,1796.9,1782.9,1807.3,1790.6,1767.3,1834.1,1835.5,1769.9,1849.6,1812.9,1794.3,1765.5,1771.4,1766.8,1750.7,1763.1,1849.6,1801,1779.8,1808.7,1790.9,1834.6,1776.8,1799.1,1779.9,1834.8,1791.6,1851.4,1813.9,1832.8,1820.6,1822,1846.7,1801.8,1841.7,1781.2,1849.9,1796.6,1804.2,1848.8,1823.8,1760.5,1770.8,1779.5,1761.7,1842.1,1785.7,1818.5,1738.6,1794.5,1840.9,1804.5,1785.8,1786.7,1774,1763.3,1777.5,1774.7,1814,1771.3,1760,1827.8,1790.1,1740.5,1804.5,1784.5,1776.8,1819.5,1758.9,1851.7,1798.9,1862.6,1808,1744.8,1829.8,1810.2,1812.5,1798,1795.2,1771.1,1856.1,1807.4,1810.5,1791.9,1834.7,1758.9,1831.2,1836.2,1801,1828.2,1784.9,1830.9,1786.4,1830.1,1796,1778.4,1783.3,1767.7,1764.7,1819.3,1755.4,1820,1783.9,1803.6,1836.8,1780.1,1813.7,1782.2,1791.2,1804.5,1781.9,1818.2,1781.8,1835.6,1792.4,1782.2,1838,1803.8,1766.6,1828.3,1774.2,1861.7,1832.2,1828.1,1751,1848.5,1847.2,1765.7,1802.2,1841.3,1811.2,1838.6,1826.2,1749.1,1852.7,1782.5,1760.4,1791,1823.8,1805,1741.9,1808.5,1774.1,1759,1744.8,1802.4,1837.7,1795.8,1742.4,1785.6,1859.3,1754.1,1805.7,1840.6,1770.6,1792,1762.3,1792.2,1846.7,1842,1811.9,1786.2,1775.4,1796.6,1822.7,1775.1,1760.6,1774.1,1820.2,1761.3,1816.5,1781.1,1736.3,1776.9,1849.9,1757.9,1753,1789.6,1837.5,1806.3,1841.7,1778.5,1787,1795,1782.8,1834.6,1760.6,1756.6,1765.3,1763.5,1770.2,1791.8,1773.4,1804.3,1857.6,1808.6,1825.2,1816,1840.5,1844.5,1796.5,1848.7,1786.9,1791.3,1816.9,1836.4,1810.1,1785.5,1804.3,1809.8,1781.6,1836.4,1765.7,1829.9,1756.2,1790.1,1761.3,1825.1,1813.8,1854.2,1825.3,1840.9,1759.7,1847.1,1756.3,1767.7,1804.3,1788.8,1773.8,1829.6,1768.6,1792.5,1763.8,1803.1,1819.6,1854.3,1834.6,1788.8,1824.2,1846.1,1820.8,1831.5,1762.8,1842.1,1834.8,1760,1768.6,1768.2,1771.8,1818.8,1850.9,1795.4,1771.8,1764,1761.2,1847.9,1852.5,1776.1,1782.3,1782.2,1850.4,1807.8,1763.9,1838,1780.5,1816.9,1780.3,1783.7,1848.8,1771.3,1778.9,1780.9,1849.8,1762.9,1816.5,1791,1808.6,1803.6,1819.4,1812.8,1828.6,1774.3,1742.8,1845.9,1827.3,1840.1,1802.4,1772.3,1826.3,1783.9,1746.2,1787.5,1756.8,1820.3,1776.5,1856.3,1789,1788.7,1774.6,1843.5,1821.7,1813.3,1811.1,1779,1855.2,1793,1767.1,1757.4,1822.2,1799.7,1769.5,1805.1,1760.5,1777.9,1820.3,1809.8,1832.7,1784.4,1838.1,1761.8,1821.8,1784,1843.7,1804.9,1770.1,1768.5,1819.5,1833,1848.5,1785.7,1845.6,1839.9,1742.5,1808.5,1829.7,1758.3,1828.8,1838.7,1758.6,1825.9,1805.3,1847.1,1793.5,1806.7,1760.9,1814.8,1786.1,1826,1848,1829.2,1837.7,1813.7,1848.9,1825.4,1828.6,1797,1818.2,1831.1,1805.8,1858.2,1834.5,1786.8,1794.7,1813.8,1811.4,1774.3,1811.4,1771.9,1771.4,1825.1,1837.3,1785.2,1767.9,1761.6,1764.1,1814.8,1759.3,1783.8,1846.8,1805.8,1816.6,1744.3,1839.3,1767.3,1826.8,1819.8,1857.3,1831.4,1763.7,1788.8,1827.3,1847.2,1788.2,1823.4,1792.9,1845.5,1803.2,1759.5,1782.2,1849.7,1810.7,1779.7,1841.1,1821.1,1818.2,1760.4,1841,1819.5,1750.3,1787.4,1797.3,1849.7,1799.1,1810.1,1854,1789.8,1852.7,1836.2,1851.9,1821.2,1820.1,1777.1,1752.8,1820.3,1804.4,1826.9,1755.7,1777.3,1831.5,1819.6,1835.2,1785.9,1746.6,1827.3,1745.4,1824.8,1805.4,1803.7,1833.5,1777.3,1776.9,1774.9,1837.7,1744.5,1757.2,1795.4,1777.5,1756.6,1828.6,1779.5,1770.3,1794.2,1818.6,1777.6,1785,1772.4,1835,1856.8,1822.4,1819.4,1815,1839.5,1762.5,1856.3,1780,1852.8,1786.3,1767.6,1779.8,1786.4,1805.1,1793.1,1760.5,1748.7,1832.1,1771.1,1853.9,1845.8,1787.2,1801.9,1773.5,1795,1839.9,1839.9,1838.1,1845.7,1828.5,1757.7,1766.3,1779,1763.4,1796.2,1780.9,1832.5,1784.9,1818.1,1814.4,1807.7,1753.9,1794.1,1824.9,1805.3,1819.8,1830.2,1762.9,1799.1,1762.6,1852.5,1786.3,1844.1,1807.9,1809,1811.9,1841,1807.6,1795.5,1834.2,1838.5,1779.6,1842.2,1782.5,1763.4,1764.7,1847.7,1848.9,1787.1,1778.1,1863.2,1857.6,1747.5,1833.7,1778.4,1794.1,1846.9,1820.2,1747.2,1824.5,1780.3,1824.9,1812.3,1837.7,1790.5,1750.4,1814.9,1834.5,1853.1,1800.9,1847.6,1835.1,1763.2,1768.5,1841.5,1767.9,1824,1829.6,1776.7,1848,1839.4,1765.1,1810.4,1836.1,1819.7,1772.4,1808.8,1785.8,1823,1832.8,1833.7,1768.3,1807.5,1770.1,1819.7,1772.7,1840.2,1831.1,1784.3,1783.1,1804.9,1851.8,1842.5,1779.5,1859.9,1808.5,1837.4,1825.7,1766.5,1789.8,1799.4,1791,1788.3,1768.5,1831.6,1812.3,1834.1,1816.5,1822.3,1740.7,1790.7,1780,1760.7,1831.1,1849.8,1831.8,1813.7,1811.6,1782.2,1772.3,1760.8,1744.9,1845.2,1763,1758.4,1774.7,1837.1,1841.8,1792.4,1852.4,1815.7,1765.3,1800.9,1839,1775.3,1813.2,1804.3,1841.7,1763.5,1776.3,1763.7,1781.7,1814.5,1821.7,1781.2,1836.2,1831,1859.9,1806.9,1782.7,1823.9,1741.6,1749.9,1774.7,1809.5,1774.1,1787.5,1841.1,1769.6,1847,1787.1,1769,1823.1,1790.5,1766.9,1762.6,1827.5,1815.9,1774.6,1807.9,1825.4,1774.5,1859.4,1809.8,1781.9,1767.1,1782,1777.9,1814.6,1822.5,1777.6,1856.7,1766.7,1849.6,1788.8,1853.5,1771.3,1834.4,1785.6,1775.3,1839.3,1767.3,1781.4,1798.1,1818.2,1815.4,1774,1790.1,1790,1835.6,1787,1830.5,1823.3,1758.4,1794.6,1775.2,1814.5,1765.9,1819.7,1858.2,1799.5,1829,1773.2,1831.7,1787.4,1827,1754.4,1765.3,1791,1763.1,1755.8,1838.8,1821.2,1790.2,1790,1793.7,1837.4,1774.1,1769.7,1838.9,1795.5,1815.3,1856,1810,1760.1,1833.8,1762.5,1783.6,1829.7,1822.8,1774.6,1779.5,1769.3,1844.3,1839.2,1774.9,1843.8,1794,1804.1,1763.1,1811.9,1762.7,1740.5,1821.3,1845.4,1822.2,1747.8,1786.5,1828.7,1834.6,1775.2,1834.7,1773.9,1749.7,1840.5,1841.2,1777.7,1860.1,1832.9,1845.7,1825.1,1779.7,1807.1,1823.6,1815.1,1779.9,1825.8,1819.8,1828.2,1794.1,1757.7,1740.1,1852.6,1776.7,1785,1816.2,1811.5,1767.1,1853.5,1835.5,1768.7,1781.7,1796,1818.7,1760.7,1795.6,1845.2,1754.1,1847.4,1760.8,1810.3,1852.2,1786.3,1843.9,1826.5,1741.6,1803.7,1838.9,1757.6,1828.8,1778.7,1744.3,1747.2,1842.1,1811.1,1850.9,1835.3,1758.8,1762,1827.2,1821,1771.5,1806.9,1776.5,1821.6,1857.5,1757.8,1794.9,1818.9,1822.7,1830.4,1823.3,1771,1812.6,1820.8,1799.6,1845.8,1822,1762.2,1794.7,1852.7,1847.9,1787.8,1793.8,1843.4,1798,1774.3,1799.1,1784.3,1808.4,1762.4,1767.3,1825.4,1833.9,1826.3,1780.5,1766.5,1772.7,1759,1816.4,1861.3,1852.1,1841.6,1796.5,1777.2,1807.5,1802.9,1825.1,1763.4,1846.7,1764.5,1847.6,1842.7,1858.7,1764.3,1843.7,1780.6,1780.9,1767.5,1851.8,1802.2,1842.6,1781.7,1832.2,1772.5,1833,1792.2,1765.9,1814.8,1789.6,1741.9,1778,1856,1777.7,1837.5,1782.2,1809,1846.5,1849.8,1812.8,1748.1,1739,1808.3,1839.6,1748.1,1770.7,1767.9,1854.6,1763.4,1801.6,1806.5,1787.7,1781.8,1743.5,1854.5,1770.4,1770.4,1755.4,1807.1,1812.2,1746.4,1841.6,1756.1,1786.8,1786.8,1780.2,1842.4,1825.1,1820.2,1807.3,1779.5,1794.6,1863.9,1831,1825,1850.2,1812.1,1784.1,1841.2,1779.8,1805.9,1757.5,1766.3,1789.8,1854.1,1760.3,1813.9,1837.4,1846.2,1842.8,1772.1,1850,1761.2,1853.6,1830.9,1806.2,1829.9,1852.6,1767.1,1807.2,1790.3,1803.9,1775.6,1850.7,1808.5,1842,1846.9,1776.1,1844.8,1824.3,1816.1,1740.5,1852,1853.2,1769.4,1794.9,1768.6,1840.2,1814.7,1805.8,1767,1818.5,1822.3,1807.2,1835.8,1829.5,1849.9,1784.1,1801.4,1820.9,1818.1,1764.8,1795.7,1852,1793.7,1833,1777.8,1766.1,1813.2,1825.7,1751.7,1764.2,1844.9,1761.1,1832.3,1740,1858.5,1807.7,1774.5,1793.6,1835.1,1738.3,1859,1753.1,1810.4,1826.1,1827.5,1804.7,1826.6,1788.7,1845.8,1803.1,1839.5,1795.8,1801.8,1803.1,1782.6,1805.3,1825.9,1803.2,1836.7,1833.7,1815.6,1837.4,1795.3,1846.8,1798.1,1791.8,1843.1,1755.1,1816.5,1772.8,1828.4,1788.2,1848.2,1767.2,1784.6,1747.2,1799.1,1790,1823.6,1844.3,1768.8,1822.7,1841.6,1845.5,1767,1839,1763,1793.5,1799.6,1832,1793.2,1770.2,1773.3,1755.4,1756.6,1772.2,1826.2,1828.7,1768.9,1756.8,1815.8,1783.9,1844.3,1800.5,1818.7,1842.9,1757.5,1805.9,1833.1,1788.7,1840.5,1812.7,1745.4,1802,1858.9,1822.1,1767.8,1776.3,1803.8,1800.4,1738.3,1838.1,1857.6,1757.7,1811.9,1740.9,1754.7,1814.5,1800.5,1769.9,1781.2,1814.5,1834.6,1831.5,1837,1827.3,1806.5,1802.3,1855.4,1850.5,1859,1836.2,1863.9,1816.2,1780.6,1759.1,1750.3,1782.8,1847.1,1778.7,1822.3,1794.8,1767.5,1752,1799.2,1778.4,1755.5,1756.5,1805,1774.9,1835,1840.4,1784,1815.8,1806.7,1786.7,1859.9,1837.2,1780.3,1776.6,1807.2,1850.5,1741.5,1817.5,1820.1,1787.5,1781.2,1815.9,1793.4,1812.1,1807.2,1858,1847.5,1779.2,1805.9,1825.3,1769.3,1781.7,1825.4,1845.4,1842.9,1749.5,1793.5,1803.3,1811.5,1826.6,1822.2,1826.1,1794.2,1813.1,1862.1,1788.5,1828.4,1782.2,1835,1794,1863.3,1847.3,1842.1,1773.1,1792.1,1822.9,1783.5,1787.4,1776.6,1788.4,1809.7,1815.3,1841.5,1797.4,1820.6,1861.1,1800.3,1752.1,1819.6,1787.3,1799.6,1858.7,1826.9,1754.8,1773.3,1753.6,1840.1,1790.9,1853.1,1757.4,1817.9,1755.2,1788.1,1812.6,1790.4,1770,1768.1,1847.8,1746.7,1807.4,1788.7,1766.7,1765.8,1853.8,1854.5,1782.4,1760.2,1834.8,1828.7,1840.1,1746.4,1754.6,1779.8,1851.8,1817.3,1762.3,1772.4,1789.6,1824.6,1810.9,1790.9,1771.5,1782.6,1805.8,1747.7,1745,1844,1785.9,1773.8,1805.4,1849.6,1763.2,1756.4,1805,1823.2,1770.4,1793.2,1801.3,1771.6,1765.6,1825.4,1799.5,1861.1,1819.1,1766.2,1841.2,1843,1795.3,1786.8,1798.2,1780.5,1841.5,1803.1,1768.2,1803.1,1768.9,1807.6,1794.9,1838.7,1803,1779.7,1741.1,1764.3,1789.3,1818.8,1820.1,1804.6,1837,1831.8,1746.1,1771,1834.9,1755,1826,1824.2,1754.8,1849.7,1807.1,1840.9,1858.1,1775.2,1757.1,1825.6,1760,1746.3,1802.9,1821.7,1849.1,1803,1747.6,1798.4,1820,1762.6,1774.7,1783.8,1767.7,1766.6,1784.1,1852.4,1835.4,1785.3,1777.8,1768.6,1801.3,1795.6,1778.1,1843.6,1769,1852.7,1810.9,1819.5,1793.9,1777.1,1829.6,1761.6,1809.7,1776.2,1781.3,1776.6,1761.3,1773.4,1852.6,1847.6,1832.5,1806.9,1830.9,1748.8,1844.5,1778.5,1839.4,1789.5,1843,1848.4,1754.9,1811.9,1757.7,1829.9,1802,1821.3,1778.9,1782.8,1775.5,1744.7,1852.2,1773.9,1775,1811.1,1809,1817,1825.7,1777.7,1822.6,1770.6,1841.7,1792.7,1799.5,1811.9,1797.3,1771.1,1800.3,1834.6,1853.6,1782.4,1799.8,1852.9,1788.9,1842,1788.7,1773.6,1844.9,1861.8,1762.4,1782.5,1811.6,1793.5,1855.2,1811.6,1832.8,1795.6,1766.5,1844.6,1775.1,1791.8,1863.9,1799.5,1809.2,1805.8,1848.2,1814.2,1811,1819.3,1800.2,1800.3,1845,1755.7,1787.5,1812.9,1815.1,1820,1836.7,1745.8,1792.5,1786.3,1786.4,1773.5,1801.1,1804.5,1840.8,1795,1814.6,1838.7,1760.8,1817.1,1830.7,1786.8,1821.5,1785.2,1799.1,1838.1,1750.4,1826.3,1742.6,1755.7,1760.3,1837.6,1788.1,1857.6,1824.1,1851,1812,1752.6,1823.2,1764.1,1757.6,1772.9,1806.6,1771.7,1835.6,1815.8,1851.7,1777.2,1787.3,1820.6,1841.5,1834.2,1801.1,1776.2,1774.7,1743.4,1855.9,1844.8,1769.9,1788,1808.1,1848.2,1863,1809.2,1854.7,1821.5,1836.7,1821.4,1795.6,1821.8,1788.1,1786.1,1847.5,1782.9,1758.6,1841.9,1841.9,1746.8,1828.8,1795.9,1757,1796.3,1799.1,1854.6,1764.8,1822.5,1807.8,1832.2,1819.7,1761.8,1787.9,1786.9,1777.5,1806.1,1809.3,1802.2,1775.1,1812.9,1825.4,1783.3,1793,1750.5,1836.6,1764.3,1846,1784.4,1778,1844.2,1780.8,1846.3,1789.2,1851.3,1778.9,1748.5,1822.1,1798.1,1786,1770.9,1816,1829.4,1843.1,1771.5,1794.4,1768.1,1785.7,1803.7,1829.5,1809.3,1783.7,1860.1,1853.3,1771,1854.8,1808.8,1760.2,1772,1759.6,1802.8,1801.2,1827.4,1771.2,1849.7,1769.7,1802,1782.5,1761.7,1811.9,1849.4,1777.1,1837.4,1782,1765.5,1816.1,1788.2,1825.2,1789,1793.3,1816.8,1767.1,1836.1,1771.3,1787.6,1758.6,1820.9,1799.4,1808.4,1842.3,1768.4,1829,1795.2,1778.2,1788.2,1835.9,1793.4,1820.5,1783.8,1857.6,1745.5,1771.1,1833.4,1811.3,1776.4,1814.2,1811.9,1810.4,1848.6,1808.7,1809.9,1828.2,1764.6,1828.7,1851.8,1830,1760.5,1794.2,1833.5,1811.1,1851.2,1808.2,1778.4,1784.3,1817.7,1785.8,1832.8,1803.3,1793.5,1778.7,1801,1790.7,1863.3,1816.7,1806.7,1802.8,1778.9,1860,1855.4,1764.8,1766.9,1833.7,1824,1851.2,1842,1839.5,1797.6,1787.9,1823.3,1777.4,1803.1,1846.5,1818.7,1821,1738.4,1767.9,1820.7,1802.7,1836.2,1843.6,1860.5,1822.2,1782.4,1769,1777,1806.9,1799.2,1781.1,1765.8,1851.4,1840.2,1838.9,1845.7,1742.9,1819.5,1779.9,1806.1,1791.2,1804.4,1785.7,1830.3,1738.7,1799.5,1824,1791.5,1847.6,1783.8,1856.5,1792.2,1845.1,1798,1840.8,1846.7,1780.4,1815.1,1785.8,1761,1754.2,1784.6,1764.2,1852.6,1816.8,1785.5,1835.6,1791.4,1836.8,1766.3,1802.7,1751,1842.7,1857.4,1798.8,1840.5,1819.7,1777.9,1809.3,1804.9,1762.6,1848.7,1834.6,1782.3,1819.7,1836.6,1840.1,1794.1,1784.4,1848.8,1837.5,1820,1812.7,1846.5,1793.7,1830.2,1775.6,1778.9,1779,1808.6,1803.1,1755.2,1768.1,1813.4,1766.1,1775,1758,1829.2,1763.8,1793.5,1860,1754.1,1824.6,1778.6,1817.1,1760.9,1837.7,1787.1,1778.4,1742.1,1767.6,1775,1791.2,1830.3,1837,1811.8,1802.9,1852.2,1811.8,1788.8,1762.4,1788,1803.1,1768,1852.4,1859,1785.7,1811.4,1781.8,1814,1842.2,1849.6,1797.8,1821.4,1769.7,1823.4,1781.3,1805.1,1808.8,1811.6,1842,1801.1,1816.6,1826.4,1835,1837.4,1837.1,1850.8,1819.3,1792.1,1774.2,1759.8,1763.8,1784.4,1820.3,1739.6,1852,1849,1808.2,1805.9,1830.2,1834.7,1826.1,1798.2,1756.1,1803.4,1740.4,1846,1794.8,1778.3,1769.3,1863.5,1802.6,1811.8,1743.5,1832.8,1779.7,1763.2,1836.7,1825,1758.3,1796.8,1779.6,1750.1,1768.3,1800.6,1755.9,1847.7,1831.9,1819.9,1755.5,1823.3,1746.5,1810.3,1810.6,1828.1,1827.9,1757.9,1773.7,1773.2,1819.5,1787.1,1863,1819.4,1746.1,1818.2,1836.1,1765.8,1815.1,1753.7,1819.9,1782,1853.1,1818.2,1857.6,1805.5,1749.4,1772.5,1862,1787.1,1839.7,1786.2,1752.4,1859.5,1794.6,1771.3,1763.7,1825.5,1754.5,1826.4,1756.8,1757,1787.1,1842.1,1759.2,1818.1,1823.1,1839.2,1840.3,1765.8,1779.9,1845.1,1797.1,1822.4,1761.7,1813.8,1781.2,1818.1,1844.3,1765.4,1750.2,1856,1808.5,1788.3,1791.8,1828.6,1808.7,1865,1811.5,1770.4,1853,1799.8,1787.8,1840.5,1771.3,1831.3,1761.2,1815.5,1761.6,1832,1763.1,1831.7,1770.8,1819,1846.8,1795.5,1859.8,1820.7,1785.3,1771.1,1839.7,1828.9,1791.7,1837.3,1851.6,1770.9,1790.7,1776.6,1777.5,1761.6,1830.6,1764.2,1818,1827.5,1799.7,1786.8,1859.9,1748.1,1857,1794.8,1789.4,1830.8,1852.5,1771.9,1822.2,1856.1,1842.5,1827.2,1835.6,1819.4,1827.3,1812.9,1840.8,1815.2,1767.4,1780,1847.3,1834.8,1769.8,1826.6,1799.3,1796.3,1780.3,1790,1836,1775.3,1801.3,1841.3,1797.4,1760.1,1821,1828.2,1841.3,1825.9,1852.9,1783.2,1741.9,1821.3,1748.2,1836.2,1743.2,1803.8,1835.1,1836.7,1785.3,1849.6,1751,1796.6,1779,1800.1,1838.6,1840.1,1757.9,1813.6,1740.1,1777.3,1858.1,1794.6,1801.3,1753.6,1812.6,1738.3,1787.4,1816.6,1779.5,1826.7,1827.5,1787.2,1760.6,1811.7,1781.7,1822.6,1774.6,1819.2,1814.3,1763.6,1765.7,1813.6,1773.8,1855.4,1815,1856.6,1832.1,1786.6,1792,1786.5,1754.8,1779.6,1773.9,1781.6,1821.3,1759.1,1814.3,1805.2,1836.4,1759.1,1764.5,1796.1,1842.3,1814,1778.3,1827.2,1754,1772.9,1774.5,1819.9,1786.7,1843,1771,1807.6,1829.4,1741.7,1848.2,1813.1,1774,1783.8,1822.7,1807.5,1837.5,1802.7,1793.4,1848.8,1824.9,1777.4,1767.3,1806.1,1837.4,1788.4,1778.1,1820.9,1767.5,1792.7,1740.3,1846.7,1832.1,1742.8,1758.6,1775.8,1758.6,1777.8,1842.5,1824.6,1846.1,1846.7,1816.2,1770.5,1851.2,1817,1778,1860.1,1761.1,1824.5,1761.7,1819.4,1786.3,1823,1815.5,1780.2,1858.3,1777.8,1821.4,1772.6,1751,1780.7,1788.1,1822.8,1770.9,1842.7,1774.6,1796.5,1820.1,1765.8,1783.5,1810,1764.3,1840.1,1774.1,1802,1769.4,1857.7,1752.2,1816.5,1799.2,1750.4,1815.5,1856.2,1775.1,1793,1833.2,1754.8,1773.6,1845.9,1832.2,1751.3,1806.7,1756.2,1846.6,1819.3,1775.3,1803.1,1797.1,1811.7,1775.3,1750.9,1807.4,1858.8,1787.8,1804.5,1830.9,1803.5,1849.6,1782,1748.7,1760.5,1784,1807.2,1783.4,1758,1848.7,1768.9,1749.7,1763.1,1805.7,1781.3,1798.6,1784.1,1741.7,1820.2,1793.7,1823.9,1763.8,1764.1,1797.5,1776.8,1770.4,1831.8,1827.2,1818.5,1743.7,1789.1,1843.7,1769.6,1800.3,1833.8,1781.3,1783.9,1848.6,1824.7,1830.5,1817,1773,1764.5,1852.2,1860.8,1775.6,1801.4,1825.1,1758,1854.8,1854.9,1801.5,1764.4,1756.8,1838.7,1749.1,1759.6,1852.8,1859.5,1769,1783.5,1806.4,1835.8,1810.4,1824.7,1816.9,1804.4,1780.8,1820.5,1809.9,1846.6,1788.7,1751.6,1757.9,1755.7,1851.2,1788.3,1837.2,1822.5,1831.3,1828.5,1832.9,1761.4,1797.2,1844,1764.2,1777.3,1785.5,1855.5,1790.6,1837.7,1783.8,1778.5,1834.3,1821.2,1783.4,1824,1766,1818.9,1810,1835.8,1780.7,1791.8,1855.9,1769,1828.7,1789.8,1830.4,1851.2,1849.8,1751.6,1760,1838.4,1773.7,1765.8,1784.2,1828.7,1844.1,1836.9,1846.9,1814.6,1844,1832.3,1787,1790.2,1789.6,1829.1,1830.9,1817,1821.8,1847.5,1746.7,1851.5,1801.4,1813.7,1839.4,1823.4,1780,1803.5,1802,1776.5,1843.2,1820.8,1765.7,1794.8,1814,1840.3,1854.2,1792.9,1774,1806.1,1759.6,1803.8,1777.5,1796,1836.5,1804.2,1790.6,1782.6,1761.2,1764.7,1842.7,1782.7,1813.9,1833.7,1817.2,1801.6,1824,1845,1748.9,1848.2,1744,1774,1778.8,1739.4,1846.1,1775.1,1795.1,1781,1791.2,1815.3,1775.5,1758.6,1763.8,1795.7,1791.5,1855.1,1808.2,1768.1,1764.3,1756.1,1804.3,1841.3,1756.2,1821.7,1803,1789.7,1816.1,1776.6,1810.8,1822.7,1744.7,1765.4,1827.1,1771.9,1839.9,1789,1853.6,1769.4,1806.4,1808.8,1770.4,1753.9,1815.5,1842.2,1847.7,1782.2,1833.1,1832.5,1852.2,1857.9,1846,1787.4,1815.1,1826.5,1824,1776.4,1756.2,1849.8,1772.9,1746.7,1757.9,1811.9,1827.8,1779.6,1768.2,1786.3,1780.3,1797.9,1819.3,1839.1,1803,1825.6,1785.5,1822.3,1783.9,1834.5,1820.8,1796.3,1811.6,1780.8,1783.6,1770.3,1798.5,1859.7,1807.1,1841.2,1818.6,1825.6,1761.6,1834.7,1843.4,1846.9,1853.5,1815.7,1804.6,1740.7,1787.7,1762.9,1763.7,1759.8,1825,1761.6,1822.3,1802,1756.4,1840.8,1827.2,1794.9,1790.3,1783.2,1774.6,1766,1816.9,1805.2,1841.3,1754,1813.2,1757.8,1812.5,1852.1,1796.1,1786.9,1802.6,1839.3,1774.9,1759.5,1820.5,1827.4,1786.2,1799.8,1823.2,1836.5,1822.3,1827,1816.7,1781.8,1827.5,1751.2,1801.8,1771.9,1819.3,1749.5,1827.3,1765.5,1816.1,1853.1,1849,1775,1816,1807.1,1750.7,1819,1833.5,1779.4,1813.2,1835.7,1813.1,1847.4,1754.7,1767.2,1781.7,1839.8,1807.9,1779.9,1796,1847,1748.5,1825.7,1826.3,1781.2,1760.9,1768.8,1804.5,1757.1,1781.2,1750.8,1833.4,1803.8,1837.9,1827.7,1790.1,1828.5,1751.2,1766.4,1818,1856.4,1819.2,1746.8,1781.6,1763.5,1856.2,1764.8,1754.5,1775.5,1821.5,1765.6,1829.5,1826.2,1788.4,1829.3,1797.2,1774.4,1810.4,1847.9,1827.8,1774,1788.7,1802.2,1859.4,1848.4,1822.5,1771.2,1766.1,1804.4,1814.1,1829.3,1770.6,1805.9,1842.3,1751.9,1841.2,1845.7,1756.5,1828.6,1832.7,1858,1800.2,1857.4,1813.9,1816.5,1842,1849.8,1855.9,1827.1,1804.1,1847.2,1816.8,1769.8,1846.7,1800.2,1817.8,1769.7,1834.3,1806.4,1861.2,1775.7,1763.4,1829.7,1856.4,1770,1798.4,1830.6,1764.2,1857.5,1745.1,1789,1777.3,1783,1764.1,1817.5,1842.9,1779.3,1785.1,1780.6,1784.6,1844.6,1801.4,1831,1752.2,1760.8,1815.7,1847.6,1834.5,1831.6,1842.1,1755.2,1851.9,1761,1781.6,1825.2,1830.9,1840.1,1839.8,1825.7,1820.8,1752.2,1856.2,1816.4,1778.4,1827.3,1784.6,1819.1,1743.2,1806.7,1815.2,1856.1,1787,1861.6,1815.6,1828.5,1808.1,1817.4,1816.7,1782.2,1845.7,1767.3,1800,1741.3,1774.7,1797.4,1775,1830.3,1812.6,1792.9,1742.6,1789.2,1772.9,1812.2,1764.5,1784.9,1764.1,1838.9,1842.2,1799.9,1803.5,1834.6,1825.2,1853.9,1743.2,1836.5,1763.3,1762.9,1814,1818.9,1833.5,1749.1,1828.7,1792.6,1842.5,1826.6,1783.7,1822.8,1792.7,1826,1858.1,1768.2,1803.5,1797.6,1757.4,1756.1,1787.7,1809.4,1835.4,1767.5,1840.4,1761.7,1816.1,1826,1823.4,1838.6,1772.3,1768.4,1838.5,1817.3,1824.7,1778.3,1825.9,1758,1767.5,1758.7,1794.2,1779.2,1764.8,1749.3,1843.4,1776.6,1750.4,1820.3,1851.9,1856.6,1769.2,1793.9,1863,1859.4,1750.2,1799.2,1811.5,1745.4,1837,1789.7,1746.5,1844.9,1797.1,1862.3,1789.2,1787.8,1804.1,1824.4,1738.6,1833.7,1778.8,1850,1836.6,1781.6,1759.4,1793,1810.7,1770.1,1774.9,1835.4,1746.3,1763.7,1779.1,1761.3,1770.9,1820.1,1751.6,1853,1793.1,1831.3,1772.7,1839.8,1766.9,1836.6,1763.8,1826.9,1804.4,1850.7,1862.7,1766.4,1846.7,1842.8,1846.8,1782,1835.5,1800.7,1771.5,1784.3,1784.2,1751.9,1797.7,1823.4,1816.8,1803.5,1768.2,1840.5,1779.1,1825.6,1786.7,1775,1831.2,1842.4,1847.7,1792.5,1758.4,1815.3,1760.8,1783.9,1824.7,1750.9,1843.3,1738.7,1815,1850.4,1801.7,1761,1780.8,1828.8,1791.3,1846.5,1764.6,1777,1768.5,1841.2,1758.6,1775.1,1820.6,1777.7,1852.6,1851.5,1782.2,1812.9,1800.4,1764.7,1770,1764.3,1822.8,1819.6,1799.1,1788.8,1814.3,1795.2,1845.5,1818.9,1838.1,1807,1841,1780.4,1817,1819.5,1819.2,1800.7,1762.3,1847.2,1763.9,1803.4,1750,1756.4,1825.2,1826.1,1749.9,1768.9,1853.9,1768.5,1804.5,1818.3,1816.8,1848.1,1764.4,1804,1758.1,1744.4,1834.2,1766.6,1857,1822.8,1807.2,1749.4,1771.1,1773.7,1836.4,1787.5,1847.9,1846.1,1805.2,1782.4,1824.8,1845.3,1738,1804.1,1786.1,1745.5,1844.1,1845.5,1814,1790.8,1782,1849.7,1848.7,1760.2,1777.9,1778.5,1823.3,1765.1,1783.7,1852.8,1842.4,1775.1,1792.3,1790.6,1795.6,1769,1798.3,1793.8,1845.1,1805.2,1785.1,1817.5,1812.3,1784.1,1857.4,1778.3,1862,1763.1,1840.8,1756.4,1789.3,1759.8,1776.9,1770.4,1860.8,1858,1778.5,1820.6,1754.2,1826.8,1802.3,1853.4,1817.5,1806.7,1820.1,1787.6,1793.1,1834.2,1781,1804.9,1793.1,1845.8,1844.6,1753.7,1844.9,1770.3,1792.9,1820,1764.6,1804.3,1758.7,1831.6,1818.3,1751,1793.3,1799.3,1779.4,1805.1,1760.6,1800.7,1769.7,1825,1858.2,1751.9,1801.3,1764.2,1767.1,1745.8,1853,1831.4,1844.1,1782,1787.7,1741.7,1839.2,1832.8,1779.2,1803.1,1792.8,1744.8,1844.4,1816.8,1847.6,1804.2,1849.2,1813.4,1815,1750.7,1775.2,1851.9,1743.7,1831.9,1814.6,1806.8,1766.1,1783.8,1834.4,1793.8,1766.5,1738.3,1810.1,1855.4,1770.6,1808.7,1839.9,1844.1,1813.1,1799.2,1831,1816.4,1821.9,1824.7,1769.9,1834.9,1762.9,1845.8,1768.6,1793.1,1818.3,1781.3,1845.3,1778.2,1762.5,1765.7,1752.5,1850.7,1827.5,1774.6,1827.6,1783.5,1843.3,1797.1,1771.5,1823.6,1840.6,1839.8,1788.8,1836.3,1766.4,1842.3,1841.2,1758.8,1828.7,1839.9,1845.1,1833.6,1760.8,1844.1,1800.9,1822.9,1761.6,1846.8,1754.1,1753.4,1847.9,1824.7,1779,1855.1,1749.3,1754.7,1782,1814.4,1822.5,1833.8,1841.4,1787.1,1769.6,1853.6,1808.5,1809.6,1834.3,1784.3,1759.9,1794.9,1815.8,1808.1,1803.2,1809.9,1796.7,1817.1,1800.5,1760.5,1755.5,1768.5,1780.1,1808.2,1763.8,1825.3,1807.9,1755.4,1786,1777.4,1852,1806.5,1763.2,1849.6,1788,1737.5,1827.1,1814.6,1822.4,1766.9,1771.3,1810,1811.4,1810.5,1861.3,1795.6,1773.6,1828.4,1760,1779.8,1854.5,1784.1,1814.5,1813.5,1811.2,1810.9,1770.4,1828,1836.5,1799.7,1769,1825.6,1821.7,1768.8,1788.4,1818.2,1740.3,1844.7,1809,1810.6,1825,1812.8,1769.8,1840.7,1824.6,1804.4,1847.5,1796.1,1825.1,1791.2,1826.3,1836.9,1757.5,1815.1,1841,1749,1785.4,1842.1,1761.7,1843.6,1803,1804.8,1856.9,1755.3,1757.7,1767,1782.5,1783.4,1826,1839.2,1766.6,1772,1793.9,1802.4,1793.1,1859.6,1785.1,1794.7,1802.6,1770.8,1817.1,1786.9,1813.2,1778.9,1860.9,1746.8,1781.2,1794.8,1828.6,1852.4,1803,1783.2,1830.8,1862.5,1754.6,1767.7,1807.3,1759.3,1783,1818.1,1782.4,1845.6,1843.2,1789.8,1850.6,1775.9,1841.7,1782.4,1767.3,1849.2,1847,1839.8,1835,1766.1,1808.7,1829.5,1831,1769.1,1742.9,1799.7,1836.3,1840.3,1848.7,1825.8,1771,1832.9,1753,1845.8,1753.1,1812.3,1787.5,1841.3,1782.8,1787.3,1835.9,1825.5,1769,1771.8,1839.6,1825.2,1834.8,1766.7,1786,1839.8,1771.6,1762.1,1747.3,1815.9,1820.5,1800,1748,1841.3,1846.5,1789.3,1759.8,1762.2,1786.2,1815.7,1795.3,1778,1758.3,1847.9,1745.2,1762,1810.3,1772.9,1771.9,1756.4,1845,1853.6,1766.2,1767,1791.6,1840.9,1772.1,1767.9,1816.5,1819.6,1822.7,1776.7,1815.1,1831.2,1760.5,1767.7,1826.5,1793.4,1844.3,1853.8,1857.7,1748.1,1783,1830.1,1832.4,1768.2,1786.1,1789.9,1857.8,1769.6,1836.2,1766.4,1746.1,1768.2,1837.6,1751.9,1813.3,1777.5,1823.9,1817.9,1759,1820.3,1827.8,1853.5,1777.7,1785.7,1800.5,1829.6,1856.5,1857.9,1787.2,1764.4,1851.1,1838.4,1845.8,1764.3,1824.1,1817.8,1756.1,1814.7,1798,1843.3,1827.1,1822.8,1768.8,1750.5,1812.4,1760.5,1839.3,1799.9,1830.4,1759.2,1836.4,1779.2,1823.4,1831.4,1832.5,1827.5,1858.7,1785.6,1849.8,1849.5,1815.3,1844.7,1796.7,1770,1830.1,1740.9,1775,1770,1848.2,1763.9,1806.6,1760.9,1777.7,1853.7,1779.5,1810,1838.3,1793.9,1786.1,1804.2,1813.5,1851.7,1842.3,1811,1823.6,1844,1839.5,1762.6,1796.9,1828.1,1806.5,1837.3,1851.9,1848.5,1824.7,1845.9,1782.5,1844.1,1769.4,1768.6,1844.5,1832.9,1797.3,1773.1,1782.3,1759.7,1820.4,1818.1,1810.5,1810.9,1763.4,1792.4,1831.4,1767.9,1763.2,1818,1805.3,1767.7,1779.2,1757.6,1797.4,1843.6,1832,1762,1805.1,1812.9,1809.5,1825.4,1793.2,1818.4,1762.7,1795.6,1779,1819.3,1778.9,1779.7,1794.2,1837.7,1775.4,1835.2,1758.6,1763.7,1806.4,1774.2,1768.7,1846.2,1751,1847.8,1838.6,1832.7,1770.2,1773.3,1814.4,1764.2,1759.8,1834.7,1769.1,1831.5,1758.1,1819.8,1740.2,1774.1,1770.5,1804.5,1784.6,1771.4,1807,1791.2,1829.7,1838.8,1767.9,1747.6,1777.8,1751.3,1773.3,1839.5,1828.5,1789.1,1817.5,1781,1835.4,1859.4,1840.9,1827.8,1793.7,1813.3,1796.8,1844.9,1769.5,1823.4,1856,1825.4,1778.9,1842.2,1776.1,1829,1758.1,1838.7,1777.8,1772.7,1806.5,1771.4,1781.8,1841.4,1843.8,1747.1,1814.8,1775.5,1773.5,1763.1,1827.2,1792.4,1796.9,1781.4,1762.8,1820.8,1819.3,1778.9,1789.9,1787.5,1824.6,1848.6,1772.7,1857,1786,1760.1,1811.3,1780.7,1850.5,1825.2,1771.6,1821.1,1770.8,1832.4,1779,1842,1807.1,1849,1753.7,1738.5,1854.2,1795,1767.8,1763.3,1760.7,1822.3,1789.2,1814.3,1808.8,1815.2,1848.9,1862.7,1808.2,1843.4,1750.1,1848.2,1747.8,1859.4,1845.6,1806.2,1849.4,1818.2,1833.6,1837.9,1758.5,1798.2,1838.9,1763.6,1810.4,1772.3,1835.9,1841.6,1798,1738.5,1773.3,1829.5,1761.2,1755.7,1756.3,1761,1795.6,1787.1,1827.7,1823.4,1773.4,1832.2,1746.3,1825.8,1833.7,1825.1,1849.4,1763.2,1815.7,1745.7,1851.5,1755,1770.3,1781.7,1783.9,1807.3,1776.4,1744.4,1821.5,1780.1,1784.6,1765.6,1841.2,1773.5,1775.5,1836,1816.4,1769.3,1775.4,1839.1,1830.8,1755.5,1748.7,1830.8,1773.6,1838.6,1854.1,1739.2,1778.1,1748.4,1770.4,1844.9,1800,1800.7,1853.7,1776.3,1803.5,1755.1,1835.6,1767.1,1774.1,1811.8,1848.3,1815.2,1790.4,1819.2,1832.8,1829.6,1833.3,1803.5,1772.7,1842.8,1803.3,1791.1,1757.2,1763.1,1788.6,1764.8,1830.9,1854.7,1820.2,1849.3,1821.7,1772.5,1754.1,1765,1837.7,1813.5,1798.3,1784.3,1755.1,1843.5,1849.4,1840.1,1837.4,1799.3,1836.3,1769.4,1845.1,1747.8,1787,1756.5,1786.6,1795.6,1796.6,1809.6,1832.4,1837.3,1839.3,1761.3,1850.1,1794.1,1838.8,1798.7,1758.8,1785.5,1810.3,1837.5,1771,1771.6,1821,1780.1,1767.8,1773.2,1818.6,1828.5,1749.1,1815.1,1854.2,1764.9,1822.2,1793.1,1802.1,1809.3,1809.3,1828.3,1816.2,1801.8,1750.2,1775.7,1826.6,1846.9,1798.8,1835.5,1803.4,1831.9,1742,1859,1757.1,1766.6,1773.7,1819.5,1851.1,1847.1,1804.9,1776.6,1784.4,1829,1805.7,1812.2,1845,1749.3,1803.7,1821.4,1831.8,1741.9,1827.9,1747.4,1798.2,1764.7,1777.2,1791.1,1854.4,1784.4,1768.3,1788.7,1827.8,1786.8,1783.2,1772.7,1801,1769.4,1806.8,1787.3,1836,1750.9,1790.9,1760.5,1814,1831.3,1839.1,1795,1838.5,1834.3,1809.3,1841.8,1848.7,1853.9,1826.6,1812.5,1784.2,1789.6,1776.6,1764,1832.6,1757.2,1786,1750.6,1777.8,1830.7,1785.9,1768.9,1785.1,1756.2,1806.5,1773.5,1790.6,1818.4,1817.6,1766.6,1828.5,1848.7,1754.4,1748.6,1816.6,1811.7,1800.8,1811.7,1821.8,1859.7,1794.4,1828.9,1740.1,1816.4,1815.5,1774.5,1819.8,1765.7,1832.5,1793.1,1755.6,1796.8,1843.5,1772.1,1790.2,1841,1819.3,1780.8,1794.6,1856,1786.7,1760.3,1842.8,1850.5,1778,1822.3,1774.6,1841.5,1817.8,1785.2,1740.9,1782.1,1814.8,1776.8,1817.2,1839,1831.2,1764.9,1848,1800.9,1847.6,1839.6,1815.3,1779.7,1762.2,1792.4,1785.4,1801.3,1839.3,1850,1853.3,1815.4,1809.5,1853,1847.3,1817.8,1783.6,1837.4
1840.2,1808.9,1729.5,1712.4,1715.2,1810.3,1748.9,1834.5,1826.4,1721.2,1820.9,1836.2,1784.6,1839.2,1769.9,1803.8,1709.7,1839.7,1793.8,1721.8,1782.5,1725.1,1828.3,1821.5,1771.5,1822.8,1722.2,1767.2,1844.9,1846.2,1842.7,1755.3,1762.3,1823.6,1806.1,1828.2,1771,1750.9,1775,1714.5,1772.1,1847,1819.2,1780.5,1760.8,1782.6,1797.3,1831.9,1713.1,1772.2,1754.3,1842.9,1702.1,1705.4,1821.9,1819.9,1703.4,1761.7,1702.8,1804.6,1749.2,1778.7,1776.1,1735.5,1719.3,1753.8,1724.8,1704.7,1728.3,1831.4,1715.5,1747.6,1793.5,1823.9,1757.5,1784.1,1814.8,1773.4,1714,1849.9,1804.3,1754.6,1812.5,1808.4,1828.7,1768.3,1713.3,1814.6,1701.5,1837.5,1858,1822.1,1770.8,1742.6,1802.9,1731.1,1760.8,1710.5,1805.3,1835.9,1695.7,1700.3,1842.2,1808.3,1822.5,1765.2,1744.9,1821.8,1755,1713.3,1790.7,1792.5,1721.8,1771.2,1765.7,1721.7,1786.5,1711.6,1794,1786.7,1758.9,1817.4,1824.4,1826.5,1727.3,1749.6,1759.6,1824.6,1776.6,1822.1,1785.6,1836.9,1812,1782.6,1819.5,1750.2,1826,1766.4,1745.7,1822.2,1727.7,1829.4,1760.4,1837.3,1752.4,1714.8,1782.5,1727.7,1757.3,1778.3,1788.1,1723.9,1834.6,1796.6,1779.2,1788.1,1791,1775,1838.7,1745,1779.6,1851.7,1805.1,1730.6,1765.5,1848.1,1771.4,1847.8,1794.3,1833.2,1789.5,1714.7,1812.9,1810.9,1764.3,1725.9,1712.1,1712.3,1721.8,1788.1,1730.9,1824.4,1754.5,1763.5,1720.8,1826.9,1706.7,1792.5,1717.6,1819.3,1816.2,1731.3,1840.8,1822.7,1748.3,1750.1,1832.4,1739.9,1791.5,1761.6,1827.6,1827,1794.4,1721.9,1749.2,1801.9,1729.2,1766.4,1814.5,1731.8,1833.9,1798.8,1728.9,1793.7,1713.4,1814.8,1733.6,1843.9,1694.3,1828.5,1719.9,1817.2,1761.3,1766.8,1785.3,1837.7,1709.1,1735.1,1814,1751.6,1787.1,1729.9,1723.2,1810.6,1740.1,1753.2,1756.1,1741.6,1812.6,1750.1,1786.3,1726.5,1769.1,1808.2,1837.2,1744,1830.4,1773.8,1710.3,1802.8,1769.3,1752.5,1784,1755.2,1817.5,1789.1,1774.8,1827.3,1785,1806.6,1760.8,1814.2,1721.5,1813,1803,1782.5,1717.7,1708.2,1758.8,1743.4,1733.3,1755.3,1766.6,1813.1,1780.9,1734.5,1804.5,1704.3,1739.4,1820.2,1797.8,1781.6,1706.6,1805.3,1751.2,1789.1,1824.5,1840.4,1740.8,1712.2,1774,1823.4,1757.3,1720.7,1800.2,1728.2,1797.7,1799.3,1796.3,1725,1768.1,1733,1794.2,1806.8,1795.5,1738.6,1827.7,1712.1,1843.1,1836.1,1792.7,1794.8,1756,1785.7,1829.4,1811.4,1727,1759.9,1754.3,1818.4,1733.8,1814.1,1800,1806.6,1723.7,1707.6,1786.1,1828.9,1748.1,1820.8,1720.4,1833.4,1769.2,1725,1713.3,1769.9,1822.6,1755.8,1718.6,1838.8,1701,1798.4,1729.8,1748,1836.3,1835.6,1819.9,1826,1771.2,1803,1786,1733,1755.6,1760.2,1719.1,1814.8,1746.3,1779,1754.7,1812.2,1769.6,1826.9,1731,1837.7,1837.1,1725.2,1724.3,1835.1,1702.3,1811.7,1835.9,1796.5,1736.3,1711.1,1737.3,1753.1,1719,1809.5,1748.4,1815.2,1757.3,1717.4,1838.9,1711.5,1781.6,1751.7,1832.1,1799,1750.5,1728.4,1745.4,1718.1,1830,1786.1,1710,1697.5,1805.3,1762.2,1714.6,1746.5,1775.5,1820.1,1722.5,1751.2,1785.4,1744.2,1771,1768.1,1788.2,1731.8,1816.4,1842.3,1753.1,1794,1841.9,1729.4,1742.4,1817,1708.4,1717.1,1760.9,1723.7,1708,1732.6,1800,1737.7,1747.4,1832.4,1834.7,1726,1792.9,1827.2,1705.4,1713,1829.1,1804.2,1763.4,1723.6,1727.1,1744.4,1839.9,1708,1845.4,1743.2,1794.2,1742.3,1798.7,1746.3,1722.2,1726.2,1805.8,1814,1829.2,1818.1,1822,1819,1803.3,1730.8,1724.8,1787.3,1800.6,1738.2,1764.1,1725.9,1783.4,1705.1,1781.4,1755.7,1726.8,1822.7,1828.4,1744.8,1786.6,1804.8,1724.3,1713.2,1816.4,1786.7,1790.6,1826,1777.1,1789.5,1824.5,1780.8,1758.6,1767.4,1805.4,1775.8,1807.1,1808.6,1834.8,1717.8,1824.1,1812.5,1743.7,1813.2,1833.6,1710.9,1749.4,1760,1731.3,1759.6,1822.3,1776.8,1790.2,1736,1840.2,1774.4,1775,1855.1,1724.5,1724.2,1701.3,1809.9,1742.1,1776.3,1815.4,1815.9,1794.4,1795,1769.6,1770.4,1707,1855.7,1745.7,1723,1784.3,1830.9,1761.5,1770,1833.4,1840.6,1749,1709.1,1754.1,1736.4,1836,1731.1,1846.3,1756.3,1748.4,1724.6,1768.8,1805.9,1816.7,1825.8,1804.7,1816,1808.2,1827.3,1781.1,1724.7,1782.6,1718.9,1802.6,1780.4,1749.1,1724.1,1789.6,1735.4,1733.3,1721.1,1734.4,1724.8,1847.5,1836.3,1806.4,1738.5,1706.7,1824.9,1825.1,1816,1741.5,1702,1827.6,1831.5,1827,1753.9,1696.6,1817.3,1783,1740.4,1797,1808.3,1805.9,1795.5,1792.3,1809.4,1715,1761.4,1803.4,1824.6,1793.8,1787.5,1789.8,1733.4,1794.7,1726.9,1734.8,1720.5,1712.2,1825.7,1834,1828.8,1701.6,1821.3,1779.2,1829.2,1761.8,1758.5,1798.7,1755.7,1736.3,1806.1,1731.2,1742.9,1751.8,1840.2,1720.9,1775.8,1764.8,1754,1818.3,1765,1700.4,1720.1,1828.1,1779.4,1716.2,1790.9,1804.5,1742.2,1805.8,1847.1,1809.5,1724.5,1786.6,1724,1826,1736.2,1816.6,1732.5,1839.6,1785.9,1736.6,1715.6,1740.3,1784.8,1783.9,1781.7,1731.4,1792,1831.5,1797,1756.7,1805.9,1837.9,1756.6,1845.1,1789.4,1762.4,1711.3,1829.1,1810.3,1823.6,1732.5,1828.9,1822.3,1728.5,1721.4,1724.9,1716.8,1839.1,1810,1791.4,1714.2,1743.7,1748,1810.8,1824.8,1729,1726.6,1756.7,1845.3,1815.9,1804.6,1795.4,1729.3,1710.4,1748.8,1822.3,1745.3,1814.1,1710.5,1735.4,1750.9,1785.8,1731.8,1746.1,1748.8,1796,1788.6,1780,1823.5,1800.4,1748.9,1765.3,1838.6,1825.8,1729.7,1713.8,1802.3,1833.7,1794.8,1817.7,1755.2,1835.8,1801.4,1729.8,1796.5,1766.1,1746,1821.9,1839.6,1851.6,1706.1,1797.5,1835.8,1774.7,1700.4,1719.2,1844.5,1722.1,1775.3,1823.9,1756.7,1710.9,1816.4,1711.5,1800.5,1776.3,1756.1,1717,1713.9,1735.3,1720.2,1827,1717,1763.4,1832,1791.4,1772.9,1860.5,1808.8,1773.5,1806.2,1843.5,1835.1,1721.7,1790,1780.3,1830.7,1829.5,1797.4,1707.2,1757,1778,1701,1808.6,1701.7,1826.9,1722.4,1812.1,1821.3,1782,1742.5,1811.4,1842.4,1824,1832.6,1727.7,1701.8,1837.7,1720.6,1821.1,1723.8,1711.1,1723.9,1748.6,1819.3,1838.3,1747.6,1817.6,1795.3,1746.6,1799.5,1730.6,1801.4,1728.3,1848.1,1825.7,1842.4,1717.3,1825.3,1715.1,1834.6,1728.5,1832,1741.2,1793.5,1838.8,1736.8,1801,1739.7,1746.1,1820.7,1751.6,1795.9,1716.6,1774.8,1748.3,1770.3,1785.3,1729.2,1738.8,1794.9,1808.4,1783.3,1797.8,1737.7,1809.5,1741.6,1841.7,1834.3,1802.2,1728.7,1800.1,1819.5,1818.3,1808.4,1816.7,1713.5,1779.8,1844.7,1716.8,1727.5,1756.7,1719.5,1726.7,1815.4,1798.7,1725.6,1729.6,1762.1,1736.4,1810.4,1724.3,1717.8,1832.5,1835.4,1791.8,1723.8,1770,1715.2,1820.8,1728.8,1801.7,1721.1,1833.6,1843.4,1710.1,1845.7,1822,1720.7,1733,1727.7,1818.3,1785.8,1738.6,1777.5,1838.8,1712.6,1794,1835,1845.7,1826.9,1716.3,1798.9,1724.3,1754.5,1808,1740.7,1841.9,1806.9,1794,1805.6,1831.2,1842.8,1793.1,1716.4,1822.8,1728.6,1800.8,1841.9,1700.9,1797.3,1838.7,1748.9,1779.1,1745.2,1750.7,1740.6,1830.8,1760.5,1836,1770,1773.1,1822.6,1764,1825.7,1741.3,1744.1,1820.2,1750.2,1817.3,1812.5,1739.6,1697.7,1746.1,1827.7,1825.2,1742.7,1809.8,1711.5,1839.6,1837,1821.5,1839.4,1830.7,1792.7,1839.7,1705.2,1711.8,1843,1750.7,1727.9,1724.3,1791.5,1786.7,1714.8,1757.3,1825.9,1824.5,1747.9,1736.1,1827.3,1761.4,1810.5,1760,1700.4,1796.6,1835.2,1796.1,1790.1,1842.9,1828.7,1743.2,1785.6,1745.4,1803,1830.4,1777.5,1821.6,1839.1,1734.1,1756.2,1844,1714.5,1792.8,1803.6,1831.3,1826.8,1800,1817.4,1803.5,1804.1,1789.7,1718.3,1742.2,1783.8,1714,1776.9,1709.6,1789.3,1837.4,1727,1787.9,1789.8,1823.3,1829,1722.2,1813.6,1740.8,1792.6,1801.6,1750.5,1737.4,1719.8,1776.6,1741.7,1734.7,1696,1724,1766.1,1760.4,1699.9,1745.7,1717.8,1791.2,1717,1789.4,1819.4,1713.6,1845.3,1800.1,1816.4,1799.5,1789.6,1779.8,1709.4,1781.6,1727.2,1809.5,1825.2,1785.6,1816.3,1815.6,1784.5,1828.9,1716.4,1818.1,1822,1833.5,1784.6,1716.4,1757.7,1777.6,1820.6,1756.6,1813.2,1729.4,1836.6,1776.6,1719.8,1822.8,1743.5,1823.4,1704.6,1791.8,1748,1742.8,1713.3,1725.1,1740.4,1776.6,1819.3,1828.7,1805.8,1793.8,1785.6,1758.5,1705.8,1793.7,1775.7,1847,1817.6,1728.1,1844.4,1815.1,1831.1,1827.9,1807.8,1769.4,1730,1846.1,1756.5,1792.2,1744.6,1820.8,1797.5,1801.1,1712.9,1805.1,1706.2,1804,1836.1,1780.8,1798.3,1845.6,1824.3,1732.6,1781.9,1711,1797.6,1855.2,1784.3,1768.8,1804.8,1721.2,1715.8,1818.1,1742.7,1815.3,1778,1827,1759,1800.9,1857.5,1734.4,1822.5,1746.1,1728.2,1813.5,1704.8,1751.6,1800.3,1751.1,1717,1766.5,1725.5,1822.9,1719.2,1712.3,1812.9,1825.7,1730.3,1782.7,1767.4,1732.5,1757.3,1777.9,1715.5,1830.7,1772.2,1840.9,1726.1,1694.4,1826.3,1793.7,1823.7,1719.7,1731.3,1709.5,1789.7,1755.8,1817.9,1753.9,1725.7,1836.5,1770.4,1806.4,1786.3,1810.7,1812.4,1788.8,1815.4,1808.9,1844.7,1840.1,1780.4,1698,1786.7,1726.8,1820.4,1717.6,1809.8,1748.9,1797.7,1724.4,1696.6,1760.3,1827.1,1853.5,1824.2,1734.4,1812.7,1824.6,1748.1,1790.9,1829.2,1847.2,1831.8,1737.5,1729.4,1762.3,1840.2,1819.8,1748.1,1824.5,1715.6,1725.4,1828.2,1716.6,1731.7,1776.1,1761.8,1768.7,1793.1,1743.6,1827,1763.8,1747.8,1710.2,1798.2,1808.5,1702.5,1782.1,1825,1748.6,1828.3,1786.1,1750.5,1724.5,1717.6,1812.5,1767.9,1806.1,1754.7,1736.5,1731.8,1796.1,1784.8,1741.9,1756.5,1768.3,1830.2,1786.4,1770,1802.3,1776.3,1849.1,1736.9,1754.5,1849.6,1696.3,1743.3,1723.1,1756.8,1708.7,1781.5,1723.4,1805.9,1759,1738.5,1712.2,1778.8,1741.2,1788.3,1770.2,1743.4,1818.3,1831.3,1840.8,1827,1770.3,1812.7,1764.5,1698.5,1724.5,1782.2,1793.4,1799.4,1776.3,1790.2,1781.6,1726.8,1738.1,1708.2,1855.9,1781.3,1823.6,1720.3,1809.4,1790,1779.4,1755.1,1778.5,1709.5,1769.9,1845.9,1714.5,1740.8,1741.9,1757.3,1820.7,1816.4,1798.1,1774.1,1810.2,1759.5,1802,1696.6,1834.5,1806.8,1758.2,1828.4,1810.6,1792.2,1728.7,1805,1757.8,1828,1835.7,1725,1808.4,1771.4,1823.5,1779.4,1786.8,1799.1,1840.4,1707.1,1733.1,1782.8,1727.9,1822.2,1729,1845.2,1828,1731.7,1812.1,1696,1813.7,1731.9,1828.3,1814.7,1738.7,1831.2,1787.9,1757.6,1769.7,1818.9,1710.4,1835.2,1833.9,1826.2,1802.9,1709.6,1793.5,1706.3,1743,1724.3,1819.2,1715.1,1851.8,1844,1833.4,1777.2,1830.1,1829,1746,1816.3,1838.9,1755.2,1788.4,1723.5,1726.6,1814.6,1778.7,1850.3,1729.8,1797.7,1730.2,1707,1722.1,1839.3,1840.2,1725.7,1838.8,1792.1,1710.5,1781.8,1853.4,1811.9,1748.1,1737.2,1783.9,1804.1,1758.6,1787.4,1770.2,1741.4,1792.1,1822.8,1767.4,1754,1810,1736.9,1821.6,1856.4,1725.1,1722.2,1777.5,1737.1,1731.2,1746.1,1720.7,1779.8,1736.7,1733.9,1812.7,1696.7,1793.1,1728.1,1835.2,1793.5,1747.8,1721.9,1848.7,1695,1801.4,1726.4,1831,1794.7,1701,1784.6,1716.4,1804,1762.7,1763.2,1815.6,1765.4,1717.1,1724.1,1725,1798.2,1712.7,1736.1,1722.9,1811,1784.4,1775.7,1841.9,1850.3,1820.2,1737.7,1715.7,1840.7,1777.8,1821.1,1834.3,1726.1,1800.5,1812.5,1704.4,1793.9,1794.8,1770.6,1835.6,1795.8,1743.4,1831.4,1790.1,1759.8,1716.5,1778.7,1800.9,1737.2,1842.6,1794.9,1819.2,1745.6,1754,1771.8,1740.7,1727.6,1735.3,1727.7,1793.5,1841.5,1744.4,1750,1719.9,1777.2,1768.3,1801.5,1736.2,1730.1,1769.1,1804.7,1747.6,1824.2,1819,1830.3,1812.2,1745.1,1720.4,1705.7,1698.5,1777.9,1793.3,1826.3,1771.8,1751.1,1796.7,1708.4,1738.1,1753.2,1844.8,1794.9,1840.2,1754.8,1724.2,1716.4,1802.1,1828,1752.5,1730,1725.5,1811,1780,1823,1844,1811.1,1822.4,1806.7,1814,1728.4,1817,1718.8,1809,1736.9,1729.8,1817.9,1776.9,1829.4,1710.3,1836.4,1769.7,1724.6,1840,1801.7,1730.1,1710,1816.6,1709.9,1779.7,1815.7,1825,1841.8,1769.6,1744.7,1750.3,1759.2,1726.1,1793.4,1733.1,1732.8,1786.6,1819.9,1767,1738.5,1828.7,1727.9,1823.4,1820.7,1846,1728.9,1816,1710.5,1796.9,1795.4,1709.9,1704.5,1823.5,1827.7,1833.3,1801.8,1694.2,1750.6,1835.3,1763.9,1757,1797.6,1717.2,1808.6,1826.2,1723.3,1764.6,1826.4,1785.4,1714,1815.7,1794.2,1748.8,1752.7,1743.8,1838,1706.8,1832.1,1788.9,1745.4,1713.2,1777,1771.8,1722.9,1761.2,1822.3,1751.8,1840.1,1744.6,1730.5,1792.5,1835.4,1755.9,1711.6,1729.1,1828,1834.8,1831.4,1776.1,1698,1825.4,1780.6,1743.5,1838.6,1789.3,1831.3,1809.2,1705.9,1847.3,1829.9,1739.5,1739.2,1811.1,1762.2,1747.8,1720.3,1832.5,1811.6,1838.4,1758.6,1834,1719.1,1779.4,1751.7,1841.6,1823.5,1762.5,1834.7,1836,1792.6,1714.2,1840.1,1718.3,1792.5,1816.9,1812,1749.9,1762.1,1735.3,1822.3,1814.9,1710.1,1806.2,1783.5,1776.8,1726.5,1800.5,1694.1,1832.9,1760.6,1719.2,1837,1753.8,1836.7,1809.3,1719.8,1846,1721.7,1746.2,1761.6,1789.4,1793.9,1747.9,1811.2,1734.4,1813.3,1759.2,1715.4,1808.1,1722.4,1768.6,1819.1,1810.6,1823.6,1752.3,1837.1,1708.1,1764.2,1765.2,1722.2,1833,1779.4,1791.6,1725.5,1719.9,1745,1833.1,1787.4,1731.3,1841.3,1821.2,1816.8,1714,1744.8,1817.5,1791.4,1825.6,1798.4,1745.8,1812.7,1845.2,1771,1804.9,1766.3,1820.5,1797.4,1793,1759.7,1834.7,1721.6,1816.2,1804.8,1753.8,1721.7,1812.5,1707.3,1792.3,1786.2,1704.1,1733.2,1739.4,1794.7,1760,1750.5,1815.8,1790.7,1812.8,1769.3,1801.7,1705.8,1726.3,1763.3,1763.8,1712.4,1791.7,1744,1749.6,1763.5,1730.2,1828.9,1815.7,1844.2,1818.4,1810.9,1768.6,1823.6,1817.1,1801.5,1803.6,1727.5,1801,1780.3,1802.7,1779.3,1707.2,1802.7,1804.7,1835.9,1764.5,1715.1,1748.8,1810.3,1800.2,1781.6,1816.4,1792.5,1741,1705.8,1719.2,1705.2,1824.4,1787.3,1813.9,1800.8,1783.7,1820.6,1820.4,1833.7,1805.9,1714.3,1747.2,1788.2,1765.1,1787.2,1770.1,1811.8,1748.2,1820.3,1827.3,1807.1,1834.8,1840.8,1731.4,1833.9,1804.9,1806.5,1804.5,1733.5,1837.4,1845.3,1825.8,1818.5,1716.7,1727.8,1817,1760.2,1763.6,1757.5,1835.1,1733.5,1805.2,1706.8,1745.6,1801.1,1714.4,1798.5,1840.4,1826.5,1821.5,1772.5,1713.5,1813.1,1714.9,1730.3,1710.6,1814.8,1746.1,1701,1810.7,1701.5,1754.9,1791.1,1722.8,1795.9,1802.5,1841.6,1738.3,1768.3,1727.9,1770.5,1720.4,1723.4,1796.8,1719.4,1724.6,1823.7,1789.8,1810.2,1835.9,1769.3,1754.8,1793.5,1731.9,1719.7,1757.2,1763.1,1815.3,1822.8,1797.1,1810.2,1773.9,1834.3,1820.3,1776.2,1829.1,1728.2,1719,1823.3,1845.5,1730.4,1807.3,1718.1,1786.1,1740.3,1749,1790.1,1783,1777.2,1714.5,1821.1,1836.1,1795.3,1742.8,1783.7,1816.7,1751.7,1751.8,1741.2,1750.8,1837.4,1774.8,1744.9,1818.2,1725.9,1796.1,1806.3,1831.9,1773.6,1817.7,1770,1720.5,1716,1745,1726.9,1746.1,1763.3,1823,1707.9,1822,1723.2,1834.1,1834.5,1800.6,1768.5,1795.7,1732.3,1756.2,1805.4,1765.7,1800.3,1795,1834.3,1760.5,1736.2,1840.4,1694.4,1792,1807.7,1836.4,1707.9,1742.7,1723.5,1754.6,1750.8,1803.1,1735.4,1838.8,1779.4,1791.9,1802.5,1833.6,1820,1771.1,1749.6,1799.3,1718,1827.5,1805.5,1769.5,1847.2,1705.8,1773.1,1792.2,1826.4,1706.1,1730.9,1768.5,1717.7,1831.4,1775.2,1740.3,1820.3,1741.1,1835.5,1720.6,1704.2,1741.1,1728.3,1798.2,1790.8,1756.8,1768.4,1705.6,1802.8,1807.7,1781.4,1759.1,1741.8,1726.3,1772.9,1750.6,1743,1824,1817.8,1708.3,1826.5,1806.3,1734.4,1708.5,1781.9,1818,1781.9,1775.7,1724.7,1831.4,1803.3,1784.9,1796.7,1785.9,1838.5,1777,1841.9,1826.4,1812,1707.9,1842.9,1711.9,1803.4,1760.1,1726.1,1790.4,1710.8,1778.2,1721.8,1837.6,1839.1,1836.2,1815.1,1830.5,1704.1,1831,1830.5,1811.4,1706.8,1759.1,1813,1828.6,1811.6,1707.9,1709.4,1849,1848.6,1819.8,1746.9,1728.1,1813.2,1742.3,1855.1,1823.2,1822.7,1731.2,1747.3,1715,1836.5,1716.1,1825.1,1772.4,1714.7,1742.5,1746.7,1760.7,1732.8,1758.2,1838.2,1763,1751.9,1721.9,1742.9,1824.8,1732.1,1796.5,1831.7,1787.6,1715.5,1811.6,1821.2,1731.3,1819.8,1785.8,1753.3,1714.5,1709.2,1824,1781.7,1799.3,1806,1731.8,1759.3,1825.8,1858.7,1788.5,1810.7,1823,1828.7,1726.9,1761.2,1796.3,1696.9,1812.6,1728.4,1780.8,1782.3,1798.2,1704.4,1817.8,1727.4,1801.9,1753.9,1836.6,1774.5,1841.8,1771.3,1822.5,1718.7,1751.1,1742.5,1843.9,1706.5,1790.1,1782.7,1838,1785.3,1829.2,1719.3,1762.5,1775.8,1792.4,1745.2,1834.9,1754.7,1822.9,1799.7,1726.6,1839.2,1712,1788.7,1703.9,1825.9,1824.6,1830.4,1832.1,1772.3,1839.4,1786.8,1835,1830.4,1804.9,1838.4,1744.5,1828.3,1695.1,1719.4,1760.4,1835.7,1822.7,1809.3,1827.3,1783.6,1788,1739.8,1844.8,1794.9,1732.3,1835.9,1703.2,1844.4,1774.8,1713.6,1740.2,1799.3,1721.9,1840.5,1773.9,1825.1,1743.9,1723.9,1710.3,1821.2,1707,1822.4,1824,1829.3,1752.2,1807.3,1747.2,1796.6,1786.3,1787.7,1810.8,1791.6,1820.5,1804.7,1765,1715,1812.9,1781.3,1700.1,1841.3,1800.1,1827.6,1715.9,1784.2,1728.9,1744.1,1802.6,1834,1730.5,1808.6,1834.1,1772.9,1736.4,1847.5,1789.8,1727.4,1749.7,1838.2,1822.7,1726.3,1770.4,1795.7,1846.4,1718.9,1781.6,1715,1700.9,1809.9,1817.6,1834.6,1812.3,1801.3,1765.2,1710.6,1843.8,1760.4,1764.3,1716.8,1725.3,1808.9,1758.1,1767,1816,1729.1,1739.4,1701.6,1837.4,1817.1,1813.5,1839.2,1768.8,1775.5,1775.3,1752,1785.1,1796.6,1818.1,1784.8,1712.4,1790.4,1830.3,1740.4,1835.3,1815.6,1810.6,1817.9,1805.1,1763.7,1789.4,1793.8,1775.7,1774.1,1705.3,1727.5,1826.5,1786,1728.8,1734.3,1811.8,1732.4,1855.8,1773.2,1787.5,1757.3,1844,1811,1758.8,1804.6,1782.2,1816,1780.5,1717.9,1829.5,1812,1726.1,1701.3,1738.5,1833.1,1748.8,1770.7,1755.7,1739.7,1722.6,1762.8,1740.6,1831.9,1778.6,1778.5,1728.2,1733.9,1790.2,1712.8,1836.2,1715.9,1710.9,1767.8,1777.3,1796.2,1808.6,1814.9,1717.2,1761.8,1812.1,1816.2,1822.4,1801.8,1841.6,1827.6,1763.8,1846.1,1803.5,1712.3,1812.1,1745.1,1826.4,1799,1761.8,1765.3,1811.2,1787,1749.5,1845.2,1735.1,1753.2,1762.6,1725.5,1791.6,1750.7,1750.2,1808.3,1757.3,1834.3,1705.6,1741.9,1780.7,1792,1718.6,1837.2,1782.3,1765.5,1827.9,1791.8,1837,1733.3,1757.1,1714.2,1759.2,1779.2,1779.7,1729.9,1748,1834.1,1846.6,1697.5,1757.7,1765.8,1708.6,1807.5,1843.5,1840.8,1829.1,1715.8,1754.4,1748.5,1743.9,1849.4,1791.6,1857.4,1759.3,1711.9,1711.7,1749.7,1830.3,1740.1,1787.3,1803.3,1743.8,1757.6,1781.7,1817.4,1717.1,1831.3,1711.1,1721.1,1845.9,1726.4,1706.9,1718.3,1765.5,1733.2,1775.2,1727,1844.8,1835.9,1729.1,1832.7,1739.8,1803.1,1724.3,1833.8,1723.4,1719.6,1841.4,1719.7,1755.9,1847.6,1713.6,1838.4,1743.6,1806.9,1721.6,1804.2,1745.2,1820.8,1785.2,1731.3,1783.5,1837,1780.4,1789.8,1807.7,1821.5,1773.2,1718.2,1744.9,1706.5,1828.3,1768.6,1839.9,1792.9,1729.9,1858.8,1701.6,1734.8,1754.6,1808.5,1773.1,1798.6,1785,1725,1716.5,1705.9,1719.6,1828.2,1812.1,1704.2,1850.4,1765.8,1733.5,1773.7,1843.6,1729.5,1716.2,1781.7,1715.6,1821.5,1809.7,1798.1,1782,1849.6,1780.9,1840.7,1780.3,1834.3,1733.1,1698.1,1825.3,1776.6,1779.2,1706.7,1807.8,1729.5,1728.3,1824.1,1765.7,1797.3,1777.1,1787.7,1837.8,1724.7,1847.2,1702.5,1819.7,1834.9,1816.7,1717.3,1713.2,1804.4,1817.2,1748.7,1795.9,1855.6,1711.6,1744.6,1702.8,1825.1,1757.4,1821.2,1812.5,1814.8,1695.7,1750.1,1848.4,1826.2,1801.1,1740.9,1709.9,1757.7,1846.8,1748.6,1802.1,1706.5,1816.8,1713.5,1804.9,1758.9,1754.5,1838.8,1731.5,1729,1855.3,1831.1,1816.9,1766.8,1715.9,1760,1805.1,1763.3,1711.4,1766.7,1727.2,1792.4,1758.4,1840.4,1784.1,1718.1,1834.7,1742.3,1782.6,1847,1844,1720.2,1761.9,1720.1,1764.6,1779.5,1749.1,1762.5,1750,1825.9,1733.7,1819.4,1817.4,1786.2,1827.3,1778.9,1804.8,1761.4,1729,1836.5,1829.5,1829.3,1834.9,1781.9,1751.2,1855.5,1725.4,1761.6,1786.4,1770.9,1833.4,1847.9,1798.9,1753,1737.1,1822.3,1741.3,1743.5,1807.7,1828.8,1714.4,1763.9,1844,1819.6,1733,1735.4,1787.2,1742.7,1779,1766.2,1739.2,1751.2,1814.6,1729.1,1828.5,1799.6,1811.6,1694.4,1818.8,1807.8,1801.9,1840.4,1833.1,1752.6,1725.3,1794.5,1708.7,1794.5,1749.7,1795.5,1780.8,1804.3,1705.5,1695.8,1777.4,1739.2,1698.5,1733.7,1810.3,1708.1,1786.8,1768.2,1711.7,1742.9,1793.6,1795.2,1748.3,1729.9,1785.3,1827.1,1784.8,1823.1,1789.9,1708.1,1709.3,1821.7,1738.6,1838.5,1795.7,1757.4,1802.6,1784.3,1806.5,1777.8,1765.4,1736.8,1837.3,1767.9,1745.9,1791.5,1743.3,1811.4,1837.7,1815.6,1845.6,1827.4,1699.8,1845,1791.5,1822.6,1712.9,1749.9,1773.8,1825.1,1796,1839.6,1832.3,1830.5,1718,1805.3,1838.3,1738.9,1751.3,1745.1,1775.7,1832.9,1819.1,1823,1813.6,1816.8,1817.7,1787.1,1752.2,1719,1710.8,1819.1,1803.3,1733.3,1718.1,1807.5,1823.9,1746.8,1808.5,1718,1841.8,1823.3,1729.8,1723.7,1804.4,1749.3,1716.6,1716,1722,1731.9,1708.8,1822.6,1816.7,1738.8,1859.1,1806.1,1708.7,1740.4,1812.2,1843.9,1824.7,1774.4,1726.4,1787.2,1814.6,1706.6,1845,1708.6,1813.3,1794.3,1817,1808.1,1732,1836.6,1778.4,1818,1831.9,1744.1,1748.7,1842.7,1835.4,1753.7,1739.9,1764,1769.6,1795.7,1776.9,1778.3,1857.2,1781.8,1735.6,1771.8,1849.5,1745.8,1818.3,1706.3,1800.2,1739.2,1815.4,1839.3,1822.6,1838.6,1743,1768.8,1723,1732.1,1786.5,1831.9,1725.1,1811.1,1785.4,1833.1,1786.8,1820.8,1758.5,1762.5,1809.5,1710.6,1792.8,1812,1771.5,1744.4,1799.7,1742.3,1810.5,1776.3,1701.3,1768.1,1783.1,1844.7,1800.1,1714.6,1708.1,1777.9,1739.5,1791.2,1717.6,1825.2,1833.9,1824,1748.6,1799.3,1745.4,1693.7,1848.8,1769.4,1802.1,1849.5,1724.5,1763.2,1763.1,1713.3,1745.2,1712,1821.1,1693.9,1778.1,1828.9,1760.2,1788,1773.8,1721.8,1710.7,1699,1796.3,1803.8,1729.8,1719.1,1812.7,1836.9,1754.1,1746.3,1811.3,1812.3,1792.2,1794.2,1818.9,1759.5,1754.3,1827.4,1822.5,1792,1837.6,1720.6,1771.4,1714.6,1739.6,1801.4,1732.4,1769.2,1779.3,1849.4,1723.1,1813.3,1814.1,1799.4,1751.9,1800.6,1723.9,1711.9,1737.7,1778.4,1770.4,1821.4,1840.9,1825,1843.2,1766.6,1757.7,1810,1731.1,1713.5,1776.5,1721.7,1791,1713.8,1739.2,1749.6,1738.7,1811.7,1790.2,1708.3,1776.7,1727.3,1746.8,1805.2,1836.2,1765.5,1829.6,1747.7,1760.6,1723.6,1774.6,1746.4,1746.4,1831.9,1755.4,1837.4,1812.3,1765.4,1834.1,1717.9,1840.1,1800.2,1755,1704.7,1832.1,1706.2,1723.8,1729.6,1824.1,1820.8,1760.7,1804.1,1794,1751,1734.3,1757.9,1789,1729.1,1774,1724.8,1733.4,1794.3,1794,1829.1,1825.1,1761.1,1776.5,1721.2,1781.9,1805,1736.7,1795.5,1750.1,1757.1,1789.6,1730.2,1757.1,1768.8,1730.6,1762.2,1801.4,1797.3,1724.8,1764.3,1818.4,1759.8,1714,1727.8,1820.1,1750.2,1846.5,1718.1,1697.4,1712.6,1725.6,1824.2,1838.9,1705.7,1748.9,1807.6,1718.2,1837,1771.9,1817.5,1748.3,1732.4,1821.4,1787.6,1773.3,1734.7,1738.1,1797.8,1715.5,1802.6,1741,1713.5,1791.8,1711.7,1749,1798,1768.3,1839.9,1757.6,1711.8,1778.2,1735.9,1789.7,1807.5,1770.5,1820.8,1802.6,1785.1,1711.9,1823.3,1837.4,1847.2,1785.7,1733.2,1749.9,1753.8,1708,1822.1,1747.2,1732.8,1759.4,1792.8,1736,1733.7,1708.7,1800.4,1778.7,1767.7,1727.4,1796.8,1818.7,1756.3,1768.4,1803,1742.2,1775.7,1851.7,1721.8,1743.5,1788.8,1841.3,1706.3,1768.2,1718.5,1786.3,1800.2,1741,1776.9,1742.3,1716.5,1789.7,1780.1,1833.8,1812.6,1702.9,1785.6,1834.7,1750.2,1812.9,1804,1699.9,1794.4,1720,1796.4,1709.7,1846.6,1761.5,1787.2,1732.7,1717.4,1724.3,1821.5,1764.8,1704.9,1771.9,1812.8,1838.3,1713.2,1807.2,1755.4,1841.8,1772.2,1830.5,1818.3,1793.9,1741,1729.3,1741.4,1739.9,1830.2,1728.6,1842.1,1810.8,1750.3,1765.3,1728.9,1718.5,1826.8,1774.4,1814.1,1830.9,1776.5,1750.5,1836.1,1718.8,1710.6,1717.5,1805.6,1790.7,1738.3,1704.5,1810.9,1806.5,1782.2,1720.9,1791.9,1723,1786.2,1811.8,1758.4,1833.1,1791.7,1810.7,1809.7,1731.1,1763.7,1801.1,1837.4,1827.2,1794,1731.4,1712.6,1731.3,1771.1,1762.2,1739,1823.1,1717.5,1743.1,1740.9,1839,1784.2,1713.7,1784.9,1764.3,1706,1793,1797.8,1816.4,1709.2,1793,1850.6,1747.7,1815.7,1750.4,1797.4,1711.3,1755.7,1792.7,1811.1,1713.6,1747.4,1795.2,1796.5,1781.3,1727.1,1788.3,1817.7,1702.2,1806.5,1793.8,1855.2,1761.7,1767.6,1734.3,1817.5,1774.2,1805.4,1699.3,1840.1,1823,1836.3,1824,1820.4,1743.3,1735.4,1821.3,1820.8,1841.3,1727,1718.5,1844.3,1799,1742.7,1742.5,1768.2,1700,1756.7,1813.1,1742,1830.5,1757.1,1814.8,1756.6,1801.5,1789.8,1830.6,1821.7,1747,1797.5,1722.8,1762.1,1759,1749.6,1737,1815.1,1821.6,1767.6,1812.9,1807.6,1706.2,1832.7,1708.7,1815.6,1814.5,1789.3,1697.2,1824.2,1766.7,1711.5,1749.9,1823.6,1745.7,1784.3,1799.9,1808.6,1828.1,1790.6,1758.7,1768.4,1794.4,1797.3,1712.7,1716.7,1825.1,1756.1,1764.9,1719.5,1722.6,1859.1,1748.7,1743.5,1805.7,1796.7,1812.1,1794.3,1709.4,1829.7,1807.3,1826.8,1771.5,1696.7,1760.3,1838.7,1715.1,1703.9,1705,1706.9,1751.8,1810.4,1819.8,1752.9,1721.4,1755,1833.7,1699.5,1825.2,1747.3,1759.5,1754.4,1763.7,1700.5,1732.3,1776.8,1750.1,1730.5,1808.2,1731.3,1756.8,1777.9,1761.7,1832,1756.6,1792.4,1722.7,1715.6,1806.9,1798.2,1763.2,1821.9,1779.8,1837.2,1738.1,1717.5,1813,1699.7,1802.2,1835.7,1748.8,1831,1763,1751.9,1702.4,1711.4,1718.3,1823.8,1719.3,1841.4,1803.6,1810,1836.6,1783.4,1731.3,1707,1731.5,1794.2,1790.5,1826.3,1822.1,1781.5,1759,1821.3,1840.1,1856,1774.2,1747.1,1718.4,1808.7,1836.8,1764.7,1780,1726.3,1804.3,1849.6,1836.4,1822.9,1742.1,1749.5,1763.7,1820.4,1713.8,1787.9,1807,1825.9,1756.4,1792.2,1705.4,1833.2,1817.2,1800.8,1731.8,1844.1,1703.6,1819.9,1768.1,1785,1794.1,1819.8,1766.8,1756.7,1723.2,1837.4,1839.6,1776.4,1714.7,1848.3,1752.2,1845.2,1815.4,1760.8,1754,1818.5,1818.4,1753.8,1786,1788.1,1804.7,1699.2,1742.5,1724.6,1744.5,1717.2,1789.4,1713.4,1821.9,1780.1,1791.3,1733.2,1774.5,1797.2,1709.1,1791.2,1740.7,1838.4,1732.6,1718.3,1724.2,1819,1784.5,1855,1775.3,1795.6,1716.3,1805.9,1783,1858.3,1713.4,1802.2,1769.8,1739.6,1824,1813.4,1826,1835.2,1784.9,1724.7,1787.3,1779.6,1731.8,1809.6,1757.9,1743.5,1795.7,1792.2,1741.7,1765.8,1757.2,1808.6,1802.3,1748.1,1815.8,1788.6,1772.7,1788,1754.8,1840.2,1713,1857.3,1741.4,1727.4,1753.5,1705.3,1734.9,1802,1830.7,1841,1822.4,1738.9,1799.5,1759.7,1729.1,1796.4,1836,1749,1768.4,1818.1,1766.9,1700.1,1744.4,1809.9,1709,1732.6,1825.2,1731.7,1842.2,1759.5,1800.9,1833.6,1832.4,1820.3,1746.8,1832.4,1751.1,1756.5,1781.9,1838.6,1751.7,1762.6,1708.6,1719.8,1780.8,1719.9,1782.6,1829.7,1752.7,1792.5,1736.5,1861.2,1813,1763.1,1837.2,1813.2,1820.5,1808.2,1824,1782.8,1739.2,1749.6,1836.6,1826.1,1816.2,1836.1,1707.2,1736.9,1816,1811.1,1795.3,1707.4,1790.3,1745,1783.9,1812.6,1786.7,1826,1821.3,1780.4,1737.6,1760.1,1744,1722.6,1808,1697.7,1825,1779,1747.6,1807.1,1746.9,1836.6,1805,1769.8,1780.9,1709.3,1808.6,1782.8,1818,1811.4,1706.7,1839,1844.5,1803.5,1785.8,1824.1,1785.6,1820.2,1790.7,1710.7,1847.8,1818.7,1776.3,1774.7,1713,1796.7,1752.6,1810.6,1740.6,1733.6,1740.5,1823.4,1798.2,1704.7,1725.1,1726.2,1783,1772.8,1828.3,1756.2,1720.8,1738.2,1730.7,1809.8,1765.5,1816.1,1801.9,1751.5,1788.5,1810.6,1758.9,1796.6,1694.1,1786.3,1862.5,1839.9,1839.1,1812.1,1699.9,1706.1,1796.1,1768.8,1814.5,1732.7,1709.2,1739,1762.8,1727.9,1700.9,1746.6,1794.3,1810.2,1826.9,1742.3,1798.9,1771.2,1805.4,1731.1,1760,1757.7,1706.8,1794.6,1741.4,1749.2,1836.7,1814,1843.6,1708.3,1775.8,1847,1827.2,1718.6,1706,1822.1,1758,1827.6,1724.7,1760.3,1720.5,1834.8,1838.2,1741.6,1812.6,1794.8,1726.2,1729.1,1706,1742.1,1789.9,1811.7,1717,1805.2,1739.5,1844.2,1733.2,1707.7,1734.6,1771.3,1696.6,1822.2,1837.9,1795.5,1809.7,1765.6,1854.7,1714.4,1786.1,1785.1,1800.6,1783.5,1845,1799,1780.2,1708.1,1762.8,1816,1793,1722.5,1769.9,1822.7,1723.8,1790.7,1787.7,1714.8,1701.7,1705.2,1798.5,1789.3,1845.6,1746.1,1713,1794.7,1760,1822.2,1726.6,1760.3,1839,1764.1,1827.8,1704.2,1714.3,1699.5,1754.2,1799,1821.4,1797.8,1707.4,1712.4,1812.1,1780.3,1701,1759.5,1757.7,1820.2,1717.4,1706.7,1769.6,1734.6,1712.9,1724,1832,1753.7,1816.5,1794.3,1726.1,1826,1785.9,1790.7,1764,1725.3,1809.6,1755.2,1748.2,1835.3,1777.3,1712.9,1802.4,1730.6,1842.8,1767.2,1801.6,1754.8,1752.7,1764.5,1833.5,1701.4,1768.5,1811.7,1786.3,1722,1764.5,1765.1,1813.9,1829.6,1841.5,1795.3,1717.6,1831.9,1715.8,1806.1,1811.4,1723.6,1723.1,1813,1763.9,1787.4,1822.5,1755.7,1790.9,1731.7,1711,1827.3,1724.9,1706.5,1829.2,1822,1708,1729.8,1706.7,1734.4,1725.8,1812,1843.7,1797.6,1798.6,1801.8,1745,1733.8,1735.1,1755.7,1781.8,1763.9,1820.9,1756.3,1695.5,1858.8,1705.2,1775.5,1702.6,1745.6,1700.3,1752.8,1821.2,1753.3,1700.6,1748,1796.2,1830.3,1832.2,1724.7,1790.5,1799.2,1815.1,1768.4,1759.8,1701.3,1837.1,1768.9,1831.4,1802.1,1780.7,1782.3,1836.6,1734,1797.5,1749.7,1793.8,1715.7,1794.7,1746.5,1791.5,1781,1800,1770.2,1818.3,1765.9,1779.1,1816.6,1794.1,1813.2,1768,1804,1721.1,1779.3,1743.7,1711.2,1821.5,1756,1762.2,1832,1830.8,1812.9,1817.1,1820,1824.9,1745.1,1782.9,1782.2,1701.4,1787.1,1831.8,1733.4,1849.4,1817.6,1835.9,1839.7,1748.1,1746.2,1793.3,1767.8,1727.7,1847.1,1834.5,1780.4,1811.3,1749.3,1713.2,1772.5,1837.7,1828.2,1839.5,1762.4,1809.1,1702,1776,1797.8,1760.2,1810.3,1850,1843.5,1743.2,1825,1827.3,1769.4,1755,1843.3,1710.3,1789.5,1720.2,1820.1,1811.5,1824.6,1711.7,1706.8,1709.9,1831,1714.2,1726,1772.3,1729.4,1729.5,1806.7,1821.3,1809.5,1780.2,1801.8,1760.5,1717.6,1774.8,1729,1809,1768.8,1843.4,1750.2,1843.8,1776.4,1795.3,1746.9,1711.7,1818.7,1797.2,1827.6,1839.2,1815.8,1775.9,1822.7,1808.3,1739.2,1784,1759.1,1727.1,1806.7,1812.6,1794.6,1758.3,1824.3,1817.5,1796.3,1723.7,1752,1768.5,1730.3,1732.8,1835.4,1764.6,1758.1,1708.4,1713.6,1789.5,1729.5,1789.7,1820,1743.4,1803,1729.4,1837.9,1777.7,1751.7,1790.8,1751.5,1775.5,1831.4,1718.4,1729.6,1807.8,1816.9,1738.7,1748.5,1744.1,1739.2,1736.1,1846.2,1814.1,1759.4,1810.2,1726.5,1778.6,1727.9,1729.5,1746.8,1704.6,1758,1846.8,1816.1,1762.9,1804.1,1753.1,1762.3,1727.6,1818.9,1812.5,1819.1,1846.8,1701.7,1709.6,1714.3,1782.8,1744.4,1728.4,1707.7,1815.7,1812.4,1811.7,1727.9,1814.2,1756.1,1738.2,1818.1,1735.2,1709.2,1740.6,1721.8,1733.3,1780.1,1821.1,1719.7,1820.8,1710.2,1802.1,1771,1755.6,1708.9,1825.6,1756.2,1816.1,1797.7,1735.7,1732.1,1736.3,1766.3,1744.9,1833.1,1768,1793.9,1809.3,1723.7,1807.4,1706.7,1744.6,1771.1,1785.8,1755.4,1801.6,1713.2,1768.2,1771.2,1809.6,1807.8,1841.6,1775.2,1790.6,1776.1,1730.4,1832.3,1706.5,1810,1769.3,1842.3,1824.2,1797.3,1733,1815.9,1810.4,1752.5,1748.5,1815.9,1759.1,1708.5,1838.6,1835.8,1760,1804.3,1789.1,1736.3,1781.1,1742,1828.3,1779.8,1814.3,1713.1,1798.4,1731.6,1744.1,1760.1,1782.3,1779.1,1761.9,1819,1736.9,1828.2,1800.1,1737.9,1829,1747.3,1796.8,1755.7,1737.1,1706.3,1750.1,1836,1827,1824.4,1834.8,1771.8,1829.7,1790.9,1706.2,1776.5,1715,1806.3,1827.6,1861.8,1797.5,1806,1784.2,1723.8,1801.8,1828.8,1802.3,1820,1698.6,1733.4,1826,1844.6,1797.6,1806.8,1835.4,1711.4,1720.8,1713.8,1701.4,1820.1,1791.3,1716.2,1791.9,1731.1,1816.9,1718.5,1815.2,1839.4,1777.5,1703.6,1769.6,1833.8,1748,1789,1702.1,1699.3,1828.4,1718.7,1812.9,1727.2,1816.7,1839.6,1810.4,1762.4,1828.4,1782.7,1707.5,1826.7,1844.6,1821.3,1773.2,1739.6,1772.8,1781.4,1808.7,1788.3,1727.7,1828.8,1784.4,1714.4,1835.9,1790.5,1786.7,1831,1758.6,1838.8,1795.1,1708.9,1840.4,1820.9,1820.7,1727.7,1800.6,1751,1805.1,1753.2,1818.1,1762.1,1748,1768.5,1760.9,1718.5,1813.1,1712,1760.6,1765.4,1699.9,1784.3,1705.3,1715.2,1752,1814.4,1805.3,1776.7,1769.3,1831.9,1800.8,1779.2,1842.9,1718.7,1837.6,1834.2,1837.1,1831.5,1733.2,1761.1,1796.4,1777.6,1796,1700.7,1838.6,1714.9,1833.8,1779.5,1834,1792.9,1810.5,1783,1716,1785.7,1707.3,1712.1,1806.3,1836.6,1826.7,1751.9,1741.9,1758.9,1767,1748.3,1753.9,1803.8,1746.1,1722.2,1729.9,1810.6,1799.6,1705.7,1812.9,1809.9,1750.5,1791.9,1721.1,1751.5,1805.9,1810.5,1787.9,1763.5,1832.4,1711.9,1782.1,1758.1,1849.5,1831,1811,1780.7,1757.1,1798,1762.2,1743.3,1812.3,1760.4,1818.4,1716.7,1778,1733.4,1814.3,1768,1832.7,1722.8,1797.3,1785.6,1812,1823.8,1805.7,1838.4,1742,1727.2,1707.3,1742.7,1722.9,1749.4,1719.3,1842.3,1828,1703.2,1739.6,1794,1838.3,1712.6,1849.1,1840,1703.3,1812.5,1747.6,1837.2,1843.3,1822.7,1731.5,1826.4,1778.4,1719.2,1779.2,1841.9,1795,1828.5,1819.7,1770.2,1814,1743.7,1816.3,1718.6,1780.6,1822,1727.8,1834.5,1803.2,1719.2,1801.5,1711.6,1828.6,1750.3,1714.6,1824,1806.4,1733.6,1742.3,1741.5,1806.8,1748.5,1781,1748.1,1807.9,1801,1756.9,1788.1,1837.4,1840.5,1807.2,1794.4,1781.2,1779.3,1748.5,1753.6,1740.4,1720.2,1713.5,1789.3,1781.8,1824.5,1743.8,1727.5,1724.3,1726.7,1803.5,1756,1756.3,1827.8,1858.4,1716.1,1837.5,1838.4,1830.1,1810.5,1816.6,1810.7,1744.1,1808,1781.3,1811.3,1793.9,1746.4,1834.7,1763.7,1768.6,1769.6,1777.2,1760.7,1752.4,1758.7,1755.9,1756.6,1754.7,1773.9,1799.5,1780.2,1765.2,1742.5,1747.8,1740.5,1852.1,1794.4,1742.4,1713.7,1836.2,1727.3,1739.7,1738.1,1712.8,1711.5,1749.7,1743.8,1833,1759.5,1732.1,1798.6,1830,1766.8,1733.8,1735.8,1783.4,1728.4,1759.2,1838.2,1778,1840.8,1795,1776.8,1810.1,1731.4,1727.6,1833.9,1793.1,1733,1740.6,1792.5,1727.2,1776.3,1750,1834.2,1766.2,1767.8,1727.5,1836.4,1789.6,1714.2,1770.2,1720.4,1820.8,1792.1,1819.3,1826.9,1822.2,1798.5,1741.4,1807.5,1834.8,1835,1817.3,1765.9,1792.7,1783.3,1810.7,1804.1,1761.7,1784.3,1816.9,1805,1774.2,1723.4,1695.4,1794.3,1842.4,1700.1,1719.6,1744.8,1719.2,1727.1,1779.2,1748.4,1763.6,1732.2,1746.5,1777.6,1836.8,1727.3,1724.2,1793.3,1759.8,1755.7,1784.3,1719.5,1764.3,1785.5,1778.7,1834.5,1715.3,1737.7,1780.7,1707,1817,1754.1,1838.9,1735.1,1740.4,1831.5,1836.4,1724.9,1832.7,1768.6,1727.3,1783,1711.4,1797.1,1731.3,1813.7,1744.2,1696.4,1753,1727.8,1810,1807.3,1735.5,1723.5,1824.9,1753.8,1778,1793.1,1698.5,1775.4,1823.5,1791.4,1756.6,1843.3,1833,1799.3,1830.7,1696.2,1853,1716,1724.2,1775,1740.5,1841.7,1800.3,1725,1745.9,1780.5,1759.3,1707,1825.3,1723.4,1763,1834.3,1711.8,1719,1732.3,1724,1730.5,1855.2,1729.9,1763.2,1835.9,1700.7,1751.2,1763.7,1770.9,1752.1,1834.9,1841.8,1759.4,1719,1803.6,1717,1756.1,1832.8,1714.8,1773.9,1820,1768.8,1755.1,1812.2,1808.5,1776.8,1737.8,1761.3,1709,1727,1808.4,1839.9,1819.5,1841,1728.9,1812.8,1801.8,1819.1,1725.2,1717.9,1779.1,1768.7,1835.5,1816.4,1789.9,1730.3,1783.8,1783,1721,1806.2,1833.9,1783.2,1732.4,1841.7,1760.7,1782.4,1747.6,1727.9,1784.3,1779.3,1759.1,1775,1841.2,1785.6,1794,1738.1,1803.7,1788.9,1820,1749.7,1700,1857.4,1826.1,1824.7,1752.5,1822.1,1715.5,1794.8,1819.7,1744.4,1732.8,1758.9,1822.5,1743.6,1728,1748.4,1721.2,1727.5,1770.4,1785.7,1814.9,1775.8,1729.5,1838.3,1707.8,1776.9,1715.6,1820.8,1729.5,1771.4,1783.7,1789,1807,1697.3,1743,1756.2,1763.6,1806.4,1788,1766.3,1733.8,1856.5,1710.9,1859.4,1844.5,1801.1,1790.7,1813.7,1851.6,1781.2,1736.8,1802,1810.4,1840.4,1831.7,1824.3,1800.5,1733.5,1816.7,1712.8,1722.8,1794.2,1820.6,1831.2,1800.4,1801.5,1720.4,1828.8,1819.8,1713.6,1818.2,1808.1,1751.8,1808.5,1758,1802,1807.3,1753.6,1737.5,1857.7,1836.7,1741.9,1844.5,1700.2,1717.5,1754.5,1772,1793.3,1795.9,1766.5,1839.7,1814,1738.2,1729.3,1742.2,1756.7,1806.6,1707.1,1833.7,1754.2,1836.5,1838.3,1713,1800,1767.4,1708.6,1756.3,1836.8,1806.2,1779.2,1814.1,1698.6,1729.8,1746.7,1718.5,1740.6,1733.9,1793.7,1735.6,1832,1731.1,1732.6,1798.5,1810,1827.5,1752.8,1834,1760.6,1739.3,1754.2,1833.4,1804.8,1795.2,1768.7,1784.5,1788.7,1817.4,1829.9,1826.3,1722.4,1811.3,1727.7,1729.5,1740.5,1804,1736.5,1785.4,1787.7,1811.4,1717,1815.7,1746.2,1792.6,1778.3,1767.9,1843.4,1738.6,1733.8,1763.5,1771.7,1770.8,1702.4,1777,1790.5,1802.2,1792.7,1721.9,1788.4,1837.3,1697.1,1789.2,1782.2,1741.7,1709.2,1802.2,1807.6,1721.2,1730.7,1733.6,1712.2,1741.6,1757.1,1800.5,1709.3,1781.2,1827.8,1729.5,1793.9,1746.1,1707.3,1821.6,1822.1,1734.1,1745.7,1845.8,1748.7,1755.2,1728.9,1759.1,1708.7,1830.3,1811.4,1704.5,1734.8,1777.5,1727,1791.1,1837.1,1716,1770,1837,1698.9,1830.3,1815.7,1738.6,1794,1729.7,1790.7,1796.2,1741,1770.1,1794.6,1718.1,1782.8,1845,1833.7,1727.3,1767.5,1801.2,1806.6,1825.8,1709.4,1807.9,1814.8,1828.7,1713.8,1701.2,1732,1774.8,1714.1,1801.9,1820.8,1703.9,1779.1,1784.1,1778.5,1713.2,1806.5,1733.6,1768.4,1776.4,1722.3,1817.5,1764,1812.2,1742.5,1722,1733.9,1825.2,1721.1,1749.2,1824.2,1840.2,1777.4,1826.3,1718.9,1697.8,1827.2,1810.7,1812.5,1709.4,1768.5,1835.4,1724.7,1758.4,1722.9,1713.1,1756.3,1746.9,1832.4,1827.1,1812.5,1804.4,1771.3,1765,1764.2,1788.7,1777.8,1740.8,1819.5,1829.6,1753.7,1810,1762.2,1817.1,1795.2,1836.9,1784.1,1797.3,1811.1,1801.9,1792.4,1812.8,1730.2,1784.6,1828.8,1838.2,1759,1714.5,1728.5,1793.5,1810.5,1727.2,1791.4,1705.9,1731.1,1813.4,1721.5,1774.8,1731.3,1775.6,1768.1,1817,1694.2,1799.3,1850.8,1759.8,1818.9,1819.3,1769.5,1741.8,1718.4,1758.3,1768.5,1734.6,1830.2,1714.5,1836.8,1836.2,1818.3,1757.1,1825,1843.1,1742.6,1752.9,1751,1753.4,1841.6,1771.4,1716.4,1803.8,1775.2,1712.6,1733.8,1696.1,1784.4,1788.9,1757.1,1770.7,1822.6,1697.8,1771.8,1741.1,1816.9,1849.5,1759.6,1822.4,1796.9,1827.7,1770.7,1720,1828.6,1824.4,1840.7,1705,1837.7,1804.3,1838,1782.1,1835.7,1771.2,1748.2,1851.2,1825.3,1831.7,1780.3,1832.3,1762,1809.7,1810.1,1716.2,1798.3,1716.2,1835.6,1775,1822.1,1835.4,1792.8,1791.9,1781.2,1811.4,1793.6,1764,1773.3,1784.7,1767.5,1802.6,1804.1,1712.1,1782.5,1767.5,1726.6,1732,1773.3,1712.2,1772.1,1809.3,1727.3,1836.2,1724.2,1767.3,1788,1710.2,1734.9,1776.7,1736.4,1759.6,1789.8,1820.4,1741.9,1745.1,1710.2,1839.3,1763,1821.7,1776.8,1824.3,1832.7,1716.3,1775.5,1739.8,1829.3,1772.9,1813.5,1732.5,1758.6,1821,1820.8,1794.8,1823.4,1719.1,1798,1804.4,1815.9,1711.3,1733.3,1848,1707.9,1772.6,1818.9,1809.4,1746,1701.6,1712.9,1721.3,1813.8,1786.2,1804.5,1766.2,1827.2,1771.4,1828.8,1777.6,1784.5,1764.6,1786.5,1833.7,1756.2,1797.2,1820.1,1839.8,1832.4,1778.6,1742.6,1759,1804.3,1843.5,1745.4,1828.2,1753.3,1794.2,1784.4,1707.7,1796.4,1784.7,1749.5,1724,1731.9,1729.5,1777.3,1814.9,1796.8,1762.8,1818.2,1731.4,1818.8,1746.7,1833.2,1737.5,1779.8,1727.4,1827.8,1705.3,1744.1,1799.1,1709,1782,1785.6,1750,1776.4,1780.1,1789.9,1725.5,1781.2,1797.1,1722.3,1838.8,1728.9,1725.5,1788.9,1809.9,1782.5,1803.9,1742.1,1827.8,1825,1750.6,1711.6,1855.9,1719,1752.5,1833.2,1695.2,1801,1818.6,1802,1829.6,1743.7,1704.6,1718.9,1731.6,1795.2,1742.2,1725.5,1799.9,1721.1,1821.8,1835.1,1712.2,1808.4,1802.2,1837.2,1694.3,1798.2,1708.4,1757,1842.4,1822.8,1711.5,1831.2,1792,1807.5,1803.4,1843.4,1823.2,1826.5,1848.7,1829.9,1734.2,1751.1,1793.8,1814.5,1752.4,1813.2,1822.5,1808.6,1780.6,1831.3,1809.1,1802.5,1723.1,1811.9,1702,1793.8,1744.3,1779.7,1724.8,1779.6,1738.3,1766.5,1813.5,1755.7,1723,1735.4,1784.7,1777.3,1822.1,1707.8,1794.3,1787.9,1709.4,1827.9,1826.4,1698.1,1803.3,1777.1,1824.9,1718.4,1725.7,1719.3,1784.5,1728.6,1733.2,1841.5,1767.5,1788,1792.4,1770.8,1808.9,1776.3,1745.2,1827.8,1826.9,1852.8,1821.3,1782.6,1703,1839.5,1819,1715.1,1795.5,1711.9,1774.9,1719,1837,1804.2,1843.9,1784.3,1731,1738.2,1806.6,1848.6,1804.7,1775.5,1832.2,1731.6,1752.1,1802.1,1793.3,1840.3,1833.7,1816.2,1746.9,1723.7,1800.1,1821.8,1829,1715.8,1735.1,1790.6,1766.2,1839,1767.4,1820.5,1741.8,1829,1823.8,1748.5,1774.3,1711.9,1824,1816,1741.1,1792.5,1807.2,1765.7,1784.2,1722.5,1709.1,1850.7,1725.1,1833.4,1820.7,1718.1,1733.7,1732.3,1835.6,1724.3,1827.5,1722.2,1770.9,1851.5,1727.7,1755,1819,1850.6,1765.8,1731.9,1792.8,1708.5,1779.5,1779.7,1747.6,1817.1,1740.6,1832.8,1758.4,1831,1829,1765.2,1825.3,1695.7,1758.7,1771.8,1755.1,1710.3,1774.8,1814.3,1728.4,1836.1,1722.2,1802.1,1721.8,1841.2,1702.4,1851.7,1786.3,1725,1733.6,1809.9,1801.4,1769.6,1774.7,1739.2,1784.1,1790.1,1808.2,1694.7,1763.7,1760.7,1837.1,1823.6,1838.6,1796.7,1764.1,1833.8,1818.7,1806.8,1783.7,1808.7,1742.7,1815.9,1832.3,1731,1832.6,1775.7,1847.1,1805.3,1735.4,1724.2,1795.2,1829.7,1823,1800.9,1827.8,1726.7,1834.2,1799.7,1763.7,1771.7,1825.2,1829.4,1711.5,1808.4,1787.2,1757.3,1716.1,1782.2,1727.9,1720.4,1798.9,1768.6,1712.1,1764,1747.7,1807,1805.4,1710.4,1780.7,1767.5,1833.5,1726.8,1772.7,1813.1,1837.6,1730.4,1817,1716.2,1846,1815.2,1709.5,1845.5,1790.7,1807.4,1743.8,1783,1711.5,1817.4,1764.6,1767,1812.7,1779.7,1725.5,1762.6,1700.4,1800.1,1727.9,1720.6,1767.3,1750.3,1724.1,1710,1813.3,1738.7,1708,1839.8,1801.8,1725.7,1779.3,1710,1742.2,1779.4,1742.7,1791.3,1733.4,1746.1,1818.9,1762.5,1818.3,1811.8,1816.7,1764.2,1799.6,1784.4,1700.7,1723.9,1773.8,1833.2,1770.8,1819.7,1786.3,1766.4,1797.5,1735.4,1821.9,1823.3,1838.4,1771,1832.1,1726.6,1731.7,1763.8,1792.1,1708.5,1823.9,1839.1,1802,1773.3,1748.2,1819.2,1810.3,1806,1706,1806.8,1727.4,1717.5,1805.5,1716.2,1736.9,1845.6,1718.7,1783,1740.1,1717.9,1750.2,1705.7,1811.2,1839.6,1822.6,1725.2,1802.7,1800.7,1699.4,1727.1,1719.3,1713.4,1738.5,1788.9,1828.6,1701.6,1787,1812.6,1774.9,1794.5,1829.6,1834,1718.8,1835.2,1764.5,1761.6,1710.3,1820.7,1826.4,1724.4,1805.3,1832.5,1767.9,1745.3,1843.3,1857.5,1814.5,1779.6,1757.3,1760.7,1726.5,1775,1708.4,1780.6,1820.4,1827.5,1734.9,1722.9,1845.4,1840.7,1833.7,1791.3,1836.6,1808.3,1775.1,1707.5,1807.8,1716.8,1722.8,1798.4,1759.9,1755.6,1780,1831.1,1785.9,1838.2,1727.8,1729.8,1793.8,1822.8,1721.6,1719.3,1815.2,1795.8,1833.7,1830.6,1718.4,1728.2,1773.1,1833.6,1744.5,1818.3,1721.3,1782.7,1782.7,1773.8,1774.7,1776.1,1839.2,1829.5,1798.2,1788.6,1724.6,1744.5,1728.6,1721.3,1727.1,1804.7,1728.5,1700.6,1822.9,1785.2,1733.3,1833,1782.2,1795,1717.7,1833.4,1836,1709.7,1767.3,1780.3,1781.9,1825.2,1758.3,1708.1,1822.8,1716.1,1741.7,1778.6,1722.1,1795.5,1795.3,1826.1,1711.5,1807.3,1726.1,1804.2,1785,1756.2,1792.9,1744.9,1756.7,1702,1781,1787.8,1792.9,1810,1727.9,1826.5,1762.7,1788.9,1828.9,1833.8,1697.7,1705.2,1755.9,1713.1,1832.2,1729.8,1730.4,1714.4,1747.9,1775.3,1822.7,1802.2,1725.5,1754.3,1815.5,1809.3,1832.2,1719.2,1832.3,1771.6,1726.4,1779,1724.4,1807.1,1720.5,1828.5,1757.6,1710,1762.7,1795.8,1791.9,1818.1,1818,1774.5,1727.3,1726.2,1803.1,1829.9,1801.9,1822.9,1706.5,1833.4,1812.2,1742.1,1819.6,1786.1,1825.8,1824.8,1720.5,1760.3,1721.6,1792.2,1818.6,1745.8,1733.1,1718.9,1814.2,1828.1,1753.3,1832.2,1709.6,1826.8,1709.6,1716.5,1733,1764.3,1734.1,1833.6,1729.3,1728.3,1747.5,1745.4,1731,1758.1,1835.8,1742,1796,1719.2,1797.8,1799.1,1802.8,1729.9,1762.5,1799.4,1812.8,1704.7,1722.8,1724.4,1833.9,1831,1752.6,1726.9,1807.9,1790.6,1797.2,1748.9,1746.6,1841.9,1823.3,1796.3,1827,1813.2,1781.5,1704.8,1728.2,1723.7,1836.8,1842.5,1837,1853.5,1718,1705.8,1828.2,1806.1,1810.9,1721.4,1826,1734,1820.7,1748.3,1822.2,1823.9,1740,1740.3,1828,1731,1743.8,1720.4,1832.6,1718.4,1828.8,1767.2,1724.1,1763.2,1717.4,1723.6,1758,1712.8,1763.5,1768.2,1741.2,1753,1834.9,1774.9,1776.1,1736.6,1849.1,1701.2,1715.5,1794.5,1760.7,1718.8,1836.8,1770.9,1804,1719.1,1830.7,1798.9,1760.7,1761.6,1839,1824.5,1724.7,1744.5,1753.3,1792.1,1812.9,1846.6,1761.3,1834,1742.3,1811.1,1775.2,1712.3,1767.3,1779.2,1841,1842.4,1708,1708.3,1748.7,1743.2,1721.2,1808.8,1714.4,1819.6,1721.1,1836.4,1830.8,1791.1,1841.3,1802.1,1711.5,1826,1722.9,1801.5,1827.1,1839.4,1802.9,1718.4,1783.2,1831.7,1821.7,1829.1,1771.6,1719.7,1813.9,1777.2,1817,1824.5,1744.2,1770.6,1849.9,1703.5,1748.8,1759.6,1765.9,1788.9,1820.7,1711.2,1720.8,1818.7,1791.9,1713.9,1751.8,1832,1702,1731.3,1860.8,1748.8,1816.7,1740.1,1755,1785.9,1835.9,1741.7,1796.1,1700.4,1825,1834.1,1737.3,1806.8,1721.1,1812,1750.2,1724.8,1730.9,1772,1709.9,1745,1734,1844,1707.2,1822.7,1728.7,1733.9,1816.6,1733.6,1706.8,1821,1784.4,1717,1706.9,1750.3,1806.4,1841.1,1725,1761.3,1831.6,1719.3,1775.6,1756.4,1831.8,1827.8,1751.6,1828.8,1824.1,1813.8,1767.8,1715.7,1795.2,1824.4,1830.3,1720.3,1848,1831.7,1703.1,1723.5,1819.9,1734.6,1753.5,1772,1799.9,1745.5,1707.1,1830.3,1776.3,1798.2,1857.4,1717.1,1722.4,1779.4,1738.3,1718.1,1737.2,1837,1803.1,1824.5,1808.5,1843.9,1803.6,1695.3,1743.6,1838.5,1784,1706.7,1803,1706.9,1734.4,1725,1832.8,1765.9,1798.7,1842.6,1786.4,1833.6,1727.1,1839.8,1731.7,1759.7,1812.9,1815.9,1749.1,1842.9,1813.8,1698.2,1770.1,1715.9,1748.1,1725.2,1764.1,1808,1825.3,1774.4,1755.5,1736.4,1787.4,1813.1,1731.8,1752.3,1766.4,1786,1796.9,1822.7,1847.6,1792,1841.4,1800.2,1820.6,1846.1,1783.6,1833.9,1752.8,1709.6,1719.4,1829.3,1833.8,1802.9,1806.6,1799.4,1726.8,1823.2,1823.4,1788.9,1750.9,1826.6,1735.1,1754.9,1808.2,1713,1727.8,1810.8,1745.6,1796.1,1842.8,1771.1,1751.8,1827.6,1837.8,1842.3,1770.2,1805.2,1771,1821.7,1826.3,1818.2,1749.2,1708.1,1810.6,1729.6,1828.9,1795.2,1729,1717.5,1727.3,1795.4,1724.3,1800,1744.3,1767.7,1751.5,1817.4,1761.2,1712.1,1762.6,1816.7,1730.4,1846.1,1841,1842.4,1758.7,1728.7,1728.1,1719.9,1783.9,1709.1,1817.6,1712.1,1785.8,1710.9,1828.9,1822,1726.1,1814.7,1778.1,1718.3,1806.3,1730.9,1747.2,1713,1841.6,1781,1737.5,1745.4,1780.1,1836.7,1769.6,1786,1845.4,1839.4,1735.9,1836.5,1792.8,1821.2,1784,1725.2,1713.8,1781.6,1814.4,1814.6,1717.1,1709.8,1787.2,1753.8,1797.8,1839.1,1750.7,1789.2,1804.1,1837,1719.9,1849.1,1715.5,1748.8,1720.2,1824.2,1814.1,1739.4,1729.4,1724.4,1830.3,1778.9,1726.8,1748.8,1695.1,1819.4,1843.2,1789.2,1792.6,1702.7,1695.8,1744.9,1827.5,1803.7,1757.2,1719.6,1729.8,1747.4,1826.3,1807.3,1713.9,1768.9,1803.8,1818.2,1765.1,1790.4,1814.6,1806.9,1707.6,1811.5,1836.4,1805.2,1726.8,1783.3,1826.7,1801.2,1721.2,1812.1,1725.7,1824.7,1741.9,1788,1696.6,1705.3,1724.1,1718.2,1841.5,1798.3,1757.4,1797.3,1783.2,1811.4,1809.6,1822.9,1825.8,1699.1,1761.7,1825.8,1834.7,1791.7,1721.2,1716.4,1808.1,1733.1,1793.8,1724.3,1761.4,1732,1753.4,1844,1718.7,1823,1751.1,1744.8,1800,1710,1717.5,1740.6,1719.9,1708.8,1770.5,1837.4,1759.1,1837.4,1784.9,1698.8,1786.4,1801.7,1786.5,1810.4,1733.4,1802.4,1797.5,1821.9,1696.2,1768.8,1811.4,1784,1786.1,1771.4,1814,1722.7,1784,1744,1850.4,1792.5,1783.3,1844.4,1740.4,1855.5,1827.1,1767.6,1811.6,1810,1795.3,1731.4,1776,1723,1776.3,1827.8,1818.3,1824.6,1707.5,1721.5,1740.5,1805.3,1801.1,1781.9,1744.8,1835.3,1746.5,1734.8,1787.8,1714.4,1842.2,1707.6,1777.4,1716.9,1717.7,1751.8,1766,1755.7,1828.4,1775.7,1795.8,1728.9,1794.6,1801.9,1732.4,1835.5,1807.4,1740.1,1786.7,1727.4,1830.3,1822.4,1719.8,1695.4,1732.3,1812.1,1782.8,1760.5,1720,1840.3,1763.4,1756.8,1720.5,1763.7,1839.6,1770.7,1795.6,1729.9,1772.2,1722.3,1845,1783.3,1820.4,1801.1,1779.2,1819.7,1831.5,1703.3,1811,1818.9,1813.6,1765.4,1716.2,1816.4,1789.8,1805.9,1714.4,1825.5,1801.2,1742.7,1821.5,1739,1791.5,1845.4,1748.6,1709.5,1707,1722.8,1836.6,1817.3,1711.8,1724.6,1727.1,1819.7,1720.6,1745.3,1834,1801.8,1821.9,1762.8,1822.3,1829.3,1801.6,1793.2,1751.2,1708.4,1767,1801.5,1810.6,1776.2,1778.9,1785.1,1811.8,1783.6,1820,1780.9,1718.7,1750,1715.5,1751.1,1725.5,1747.5,1833.9,1802.7,1828.2,1772.9,1714.7,1708.2,1817.1,1735,1823.7,1773.3,1714.8,1825.1,1733,1750.6,1796.4,1748.9,1829.9,1774.7,1694.5,1831,1708.7,1742.4,1770.8,1760.6,1823.2,1703.3,1791.5,1808.5,1752.9,1783.6,1852.7,1805.9,1773.8,1805.2,1767.8,1742,1745.7,1843.9,1788,1779.3,1822.5,1771.8,1836.8,1730.5,1806.9,1726.1,1813.9,1710.8,1803.8,1834.4,1820.6,1813.9,1785.2,1834.3,1769.9,1755.3,1838.5,1721.6,1720.9,1718,1816.9,1755.1,1831.4,1815.8,1838.9,1769.5,1833.8,1801.7,1800.8,1713.6,1828.1,1825.4,1715,1770.8,1721.3,1761.5,1838.1,1720.6,1822.6,1756.3,1745.7,1733,1762.5,1724.7,1814.4,1707.2,1858.6,1822.6,1783.1,1812.4,1726.3,1724.3,1698.3,1826.3,1725.3,1793.8,1801.7,1707.2,1812.6,1700.9,1759,1758.3,1835.3,1728.1,1765.5,1845.9,1826.5,1855.1,1732,1808.4,1699.1,1781.7,1816.2,1789.3,1767.2,1792.2,1723.2,1769.7,1712.8,1765.7,1734.8,1814.6,1762,1725.5,1733.7,1826.7,1791.8,1752.7,1795,1778,1717.6,1813,1831.1,1719.7,1757.5,1827,1724.4,1707.3,1731.5,1806.4,1787.1,1805.8,1749.6,1729.5,1747.9,1726.6,1784.1,1701.8,1804,1781.3,1822.7,1778.4,1769.4,1816.5,1842.6,1839.4,1794.4,1817.8,1811.1,1710.9,1737.7,1701.2,1711.8,1795.5,1843,1716.2,1843.1,1797.3,1768.8,1741,1719.8,1715.1,1796.9,1790.8,1717.6,1808.7,1813.8,1845,1717.1,1842.6,1717.5,1804,1818.7,1819.6,1737.9,1722.8,1796,1709.1,1816.7,1802.3,1731.7,1844.6,1813.9,1757.8,1775.9,1724.7,1823,1740.8,1747.1,1841.8,1724.3,1823.1,1729.4,1755.6,1840.6,1765.9,1702.4,1808.6,1827.6,1846.8,1823.2,1829.4,1719.7,1808.9,1812.6,1721.7,1818.4,1821.3,1819.7,1857.5,1728.1,1790.8,1745.3,1830.8,1801.5,1703.9,1759.6,1837.8,1807.7,1705.2,1758.2,1781,1746.3,1733.3,1717.2,1842.5,1728.7,1829.2,1729.2,1765.4,1699.9,1848.8,1823.2,1734.5,1730.2,1756.2,1839,1817.1,1787.8,1791.3,1844.1,1804.3,1733.1,1825.5,1837.3,1841.1,1732,1833.5,1786.2,1811.6,1829,1723.2,1719.6,1781.5,1790.5,1808.6,1826.2,1822.7,1760.6,1722.6,1749.7,1732.7,1816.9,1831.9,1745.4,1825,1832,1728.6,1810.4,1754.5,1811.4,1780.3,1720.3,1788,1744.7,1808,1807,1830.7,1808.2,1847,1805.9,1768.7,1828.7,1726.9,1818.7,1740.1,1704.8,1775.2,1716.5,1828,1790.9,1696.8,1715.7,1784.2,1793.5,1720.2,1782.9,1779.6,1825.6,1776,1833.6,1826.2,1791.9,1831.6,1822.3,1733.4,1730.2,1720.5,1828.5,1746.8,1722.9,1815.1,1746,1736.6,1776.2,1752.7,1717.4,1832.5,1820.2,1769.6,1803.4,1779.5,1811.6,1718.6,1820.9,1824.8,1750.3,1838.4,1718.5,1736.4,1829.8,1730.1,1825.8,1844.5,1737.6,1799.9,1813.7,1713.9,1777.7,1857.4,1747.3,1792.5,1725.1,1755.3,1818.3,1698.3,1738.1,1736.6,1761.6,1707.3,1803.3,1799.6,1832.7,1797,1786.1,1801.4,1805.3,1832.1,1758.4,1805.7,1722.9,1838.2,1840.6,1728.8,1710.9,1694.8,1849.5,1701.6,1819.8,1772.2,1754.1,1793.5,1716.7,1744,1726,1744.5,1817,1856.8,1730.1,1796,1835.2,1706.2,1800.7,1771.7,1800.5,1722.8,1704.4,1777.6,1806.4,1700.7,1805.9,1820.7,1818.8,1712.4,1723.8,1825.4,1729.7,1839.1,1827.7,1764.6,1789.8,1722.7,1729.3,1699.8,1774.4,1725,1717.5,1723,1820,1828.7,1825.2,1798.3,1734.3,1768.1,1792.5,1716.2,1733,1738.6,1826.6,1716.6,1824.3,1814.1,1785.9,1700.3,1815.8,1816.3,1836.3,1843.7,1831.8,1695.7,1726,1799.7,1839.7,1769.7,1798.2,1829.1,1827.6,1708.4,1799.7,1755.1,1712.7,1835.7,1733.3,1780.3,1723.8,1821.6,1713.8,1859.2,1779.6,1854.9,1721.3,1737.7,1828.2,1839.8,1782.5,1757.5,1815.4,1708.3,1721.8,1837.3,1714.1,1773.7,1762.4,1742.5,1807.9,1815.2,1713.8,1799,1820.6,1727.1,1727.5,1706.5,1800.4,1788.6,1730.7,1787.7,1812.4,1761.4,1727.7,1788.9,1724.1,1812.7,1742.5,1776.8,1763,1714.9,1787,1709.4,1708.3,1839.2,1722.9,1767.8,1793.6,1694.8,1759.2,1780.9,1797.7,1807.2,1720.2,1775.8,1714.6,1793,1848.9,1835.8,1843.6,1763.1,1829.2,1795.7,1831.9,1712,1789.8,1722.2,1718.3,1720.1,1824.2,1836.2,1801.3,1769.3,1815,1792.7,1751.1,1736,1789.7,1813.7,1788.7,1813.9,1825.5,1762.7,1722.4,1844.2,1709.4,1784.3,1806.1,1775.9,1768.9,1840.5,1720.5,1744.9,1702.9,1759.5,1820.2,1836.7,1726.5,1790.3,1826.4,1789.3,1808.3,1786.2,1747.8,1766.9,1791.9,1800.2,1768.5,1715.2,1819.2,1840.6,1802.6,1751,1703.8,1802.1,1821.5,1738.9,1724.6,1844.2,1744.2,1789.8,1812,1826.1,1831.8,1837.1,1724.1,1803.8,1745.4,1726.6,1772.9,1835.4,1772.2,1806,1733.1,1714.7,1821.7,1727.6,1828.1,1817.5,1805.5,1811.2,1744.1,1821.3,1728.1,1785.8,1777.3,1816.2,1775.5,1742.2,1734.5,1812.1,1715.3,1839.2,1727.5,1722.4,1815.6,1724.3,1718.3,1696.2,1748.1,1730.3,1792.6,1715.1,1772.9,1707.3,1773.8,1788.9,1702.8,1813.7,1835.3,1807.7,1831.6,1815,1766.9,1821.8,1772.2,1729,1829.5,1776,1787,1787.8,1816.9,1791.3,1714.7,1820.6,1727.1,1749.4,1791.7,1714.4,1819.3,1782.3,1846.1,1707.9,1708.4,1804.3,1749,1763.5,1784.5,1722.2,1724.8,1795.1,1718.2,1727.7,1745,1825.1,1794.4,1838.3,1816.4,1830.8,1792.4,1708.6,1728.2,1707.6,1804.4,1726.2,1750.8,1711.4,1743.5,1709.8,1818.5,1811.6,1783.2,1775.4,1742.2,1725.6,1770.1,1741.6,1778.7,1704.5,1733.5,1792.3,1774.8,1753.6,1773.2,1717.3,1784,1780.8,1729.1,1721.2,1762,1805.4,1775.5,1767.1,1786.4,1803.4,1830.8,1765.1,1757.5,1709,1763,1706.4,1797.5,1719.3,1710,1835.5,1801.2,1780.3,1728.5,1763.1,1757.6,1840.5,1734.2,1705.6,1838.4,1818.1,1760.8,1836.8,1786.1,1854.9,1765.6,1813.5,1815.4,1733.1,1745.4,1734.2,1772.2,1714.7,1723.7,1823.3,1719.6,1732.1,1824,1787.3,1714.9,1749.3,1831.4,1721.7,1744.8,1816.5,1817.6,1826.5,1798.5,1820.4,1725.9,1817.1,1755.5,1760.2,1804.6,1778.2,1723.9,1701.9,1781.3,1731.8,1716.9,1813.3,1793.1,1767.7,1830.7,1733.8,1826.3,1792.2,1744.6,1813.1,1718.4,1832.9,1734,1847.3,1722.9,1726.5,1796.2,1805.5,1789.8,1791.6,1791.5,1818.9,1813.7,1819,1833.2,1808.5,1831.5,1732.9,1798,1828.1,1794.9,1823.2,1758.5,1719.3,1758,1733.3,1755.6,1818.4,1716.5,1835.3,1756,1719.2,1809.9,1811.9,1797.4,1775.1,1746.7,1717.2,1750.3,1779.6,1768.1,1807.5,1836.5,1800.1,1821.4,1774.1,1815.5,1723.9,1783.6,1706,1729.7,1745.6,1837.7,1789.7,1721.4,1770,1725.3,1825.8,1836.5,1848.9,1833.1,1714,1712,1716.9,1841.4,1830.9,1793.7,1793.4,1762.4,1829.2,1791,1719.7,1757.4,1749.8,1800.4,1799.9,1723.2,1830.5,1822.9,1728.9,1832.6,1766.4,1814.6,1762.3,1747.2,1827.1,1831,1783,1741.8,1817.4,1760.5,1795.1,1778.8,1745.1,1769,1826.3,1761.7,1777.5,1724.7,1702.9,1819.5,1837.6,1751.6,1829.6,1736.3,1788.1,1800.4,1817.4,1744.9,1802.2,1757.8,1825.2,1727.1,1729.2,1702.5,1835,1807.1,1819.2,1790.8,1731.5,1827.8,1722.8,1743.2,1781.9,1859.6,1808.7,1822.3,1793.4,1722.5,1797.9,1720.3,1767.4,1742.7,1708,1840.4,1710.3,1828.8,1723.6,1801.7,1718.1,1806.3,1758.9,1716.6,1852.9,1795.6,1801.6,1748.6,1744.2,1749,1781.7,1713.7,1796.3,1819.1,1760.5,1706.6,1836.3,1709.6,1733.1,1819.8,1832.1,1765.6,1846.5,1833.7,1825.5,1803.8,1826.6,1723.9,1834.7,1799.9,1822.6,1723.1,1736.2,1816.1,1706.7,1840.7,1848.9,1752.3,1723.3,1758.3,1827.8,1790.5,1767.7,1832.6,1827.6,1817.8,1812.9,1713.5,1730.4,1810.4,1813.3,1709.1,1824.4,1845.8,1850.1,1851.6,1812,1760.3,1776.3,1816.3,1833.4,1751.4,1718,1733.9,1838.9,1804.3,1743.3,1787.6,1713,1832.9,1814.3,1728.8,1815.5,1818.6,1851.1,1812.8,1809.3,1843.5,1743.6,1749.3,1833.9,1839.4,1842,1820,1848.9,1798.6,1782.8,1843.2,1777.7,1808,1745.1,1720.5,1756.1,1795,1750.6,1800.3,1783.3,1818.2,1792.3,1734.2,1803.9,1761.8,1741.3,1770.6,1812.3,1724.4,1802.7,1716.5,1775.6,1787.7,1802.7,1782.3,1745.9,1757.5,1803.7,1706.2,1835.8,1712.1,1801,1812.5,1831.5,1729,1714.7,1716,1836.6,1734.8,1817.8,1836.5,1762.7,1704.3,1709.9,1733.2,1775.2,1836,1815.2,1768.3,1768.5,1826.6,1751,1825,1788.7,1784.5,1796,1849.5,1834,1715.3,1729.4,1751.6,1763.8,1830.4,1784.4,1740,1829.8,1723.4,1760.4,1742.2,1738.3,1821.6,1844.5,1827,1827.1,1786.6,1820.5,1714.4,1715.3,1743.9,1846.8,1818.5,1714.7,1777.7,1707.6,1745.5,1706.3,1812.2,1810.8,1827.6,1806.7,1823.9,1797.8,1770.5,1802,1759.6,1770.5,1772.3,1832.6,1806,1749.4,1715.6,1735.2,1736.8,1827.3,1762.9,1819.7,1762.7,1843.4,1719.8,1740.6,1716.2,1712.2,1839.5,1721.2,1713.3,1759.6,1792.3,1719.9,1766.2,1774.7,1733.3,1806.6,1831.3,1757,1811.8,1840.4,1803.6,1802,1820.1,1722.9,1795,1715.9,1724.8,1822.3,1719,1835.4,1808.9,1718.6,1732.1,1848.2,1709.9,1709.4,1828.2,1750.2,1737.4,1813.9,1708.2,1747.5,1801.7,1751.8,1800.7,1742.4,1736.1,1840.3,1800.9,1726.4,1791.5,1771.9,1740.1,1838.9,1817.4,1765,1758.9,1744.4,1722.1,1798.5,1810.3,1717.6,1817.5,1738.2,1729,1762.4,1723.4,1728.1,1730.8,1717.8,1787.9,1763.4,1817.4,1749.5,1758.8,1806.5,1739.6,1855.9,1819.6,1801.3,1773.3,1725.8,1795.4,1773.7,1736.9,1784.4,1749.2,1777,1766.5,1757,1752.6,1718.7,1818.4,1757,1711.7,1795.9,1722,1730.4,1798.3,1790.9,1743.6,1794.2,1725.8,1725.9,1743.4,1818,1750.9,1792.5,1749.9,1712.1,1830.2,1694.9,1728.6,1821.2,1756.1,1726.3,1840,1767.7,1806.4,1779.5,1779.7,1820.4,1840.1,1790.2,1723.8,1791.6,1810,1731.7,1757.6,1755.9,1766.3,1721.2,1832.2,1749.5,1714,1712.2,1750.8,1823.4,1759.4,1724.2,1812.5,1721.2,1812.7,1702,1748.3,1851.1,1802.4,1720.5,1823,1818.6,1837.6,1790.3,1738.4,1717.6,1780.8,1802.9,1738.6,1724,1826.5,1794,1845.2,1743.4,1831.8,1805.1,1839.9,1807.4,1703.4,1830.5,1800.1,1783.8,1813.1,1793.5,1753.6,1803.5,1787.6,1737.3,1700.4,1744.1,1852.2,1739.3,1814.8,1844.8,1709.4,1810.1,1772.5,1802.3,1814.1,1813.8,1798,1843.6,1730.5,1705.1,1756.1,1783.9,1819.8,1827,1735.8,1827.9,1826.7,1752.1,1812.1,1802.4,1815.7,1756.5,1695.4,1749.8,1791.8,1831.8,1787.9,1820.1,1819.4,1845.2,1781.5,1808.4,1770.5,1712.7,1765.9,1714.2,1837.1,1801.5,1720.1,1846.8,1706.5,1819.5,1761.4,1801.2,1776.7,1807.6,1747.9,1759.1,1820,1731.4,1825.6,1786.8,1799.5,1813.4,1852.1,1764.8,1834.8,1796.3,1774.8,1763.8,1783.7,1788.6,1730.7,1708.7,1808.5,1764.2,1831.2,1742.7,1732.5,1839.4,1782.1,1827.3,1711.3,1838.8,1716.3,1709.2,1710.3,1762.5,1799.1,1790.9,1713.4,1711.4,1791.9,1763.8,1757.6,1775.7,1844,1711.1,1780.8,1791.3,1747,1722.6,1710.8,1847.6,1757.6,1818.5,1838,1839.8,1794.9,1768.1,1751.5,1826.7,1712.8,1731.3,1821.3,1723,1713.2,1807.7,1807.2,1808.6,1711.7,1840,1827.8,1707.7,1734.3,1729.3,1710.3,1745.3,1759.6,1739.6,1807.7,1715.6,1826.7,1726.5,1824.1,1858.2,1784,1784.2,1839,1775.5,1833.8,1713.1,1755.4,1759.3,1828.2,1805,1837.5,1808.4,1759.8,1711.7,1831.6,1724.2,1712.8,1813.9,1774.5,1835,1813.1,1782.7,1831.5,1696,1827.3,1791.3,1824.8,1794.7,1757.2,1795.1,1836.1,1777.2,1794.3,1822.8,1784.4,1808.5,1833.5,1746,1844.8,1829.4,1834.7,1718.8,1812.5,1710.7,1837.7,1722,1732.3,1706,1763,1817.1,1816.4,1734.7,1785.5,1772.2,1723.6,1826.9,1830.3,1820.3,1807.4,1830.1,1752,1734.5,1826.8,1840.6,1781.6,1730.4,1843.8,1728.2,1753.4,1779.5,1769.6,1731.1,1814.6,1789.9,1724.8,1751.8,1787,1712.3,1717.8,1761.6,1730.1,1729.3,1794,1813.5,1856.3,1751,1823.1,1845.3,1790.9,1807.1,1738.3,1706.1,1762,1744.9,1777.5,1808.4,1728.6,1719.8,1812.2,1830.5,1790.6,1735.9,1826.4,1771.2,1810.8,1717.5,1756.6,1775.1,1769.1,1800.8,1791.5,1776.5,1843.9,1785.3,1780.2,1763.3,1814.9,1729.4,1715.1,1777.2,1836.5,1792.8,1751.7,1822.4,1743.1,1833.4,1835.5,1833.1,1730.5,1793.2,1751.8,1733.2,1789.7,1842.5,1739.1,1822.2,1804.2,1835.7,1756.4,1715.2,1830.2,1743.8,1842.4,1807.7,1712.2,1788.2,1817.2,1695.3,1849.3,1720.5,1705,1723.4,1791.2,1834.8,1830.7,1852,1838.3,1800.8,1823.9,1756.7,1835.3,1814.2,1806.2,1745.9,1757.3,1740.2,1814.4,1753.8,1752,1743.1,1810.4,1750.7,1835,1760.3,1830.8,1793.2,1786.6,1843.3,1725.7,1782.9,1802.1,1807,1712.3,1707.5,1841.5,1724.2,1729.8,1754.6,1795.1,1768.5,1775.7,1755.7,1829.1,1833.3,1725.1,1797.2,1731,1846.2,1719.3,1724.6,1716.6,1844.4,1784.4,1724.4,1839.1,1844.1,1715,1714,1781.9,1760.1,1818.7,1706.3,1793.4,1781.9,1763.5,1705.3,1763.5,1810,1827.7,1715.3,1726.6,1817.2,1700.3,1710.3,1839.7,1728.3,1775,1783.7,1770.5,1711.3,1848.4,1817.7,1845.6,1749.3,1792.3,1828.8,1711,1797.1,1824.8,1806.4,1825.6,1705.5,1729.6,1809.4,1774.3,1750.3,1837.5,1822.2,1803.4,1847,1806.2,1767.8,1740.2,1716.8,1714,1828.5,1834.5,1724.4,1816.3,1857.9,1817,1761.8,1725.8,1784.4,1792.2,1844.6,1782.4,1782.3,1810.4,1744.9,1759.5,1760.9,1779.9,1789.1,1795.2,1700.6,1797.4,1792.2,1756.7,1837.4,1812.6,1845.2,1743.3,1784.1,1770.4,1732.2,1842,1744.2,1831.1,1737.4,1855.9,1841.6,1750.5,1785.7,1826.8,1749.5,1810.7,1840.7,1780.5,1705,1777.7,1791,1832.2,1801.4,1792.5,1767.4,1801.6,1701.2,1799.4,1757.5,1763.3,1719.2,1751.9,1748.5,1804.2,1729.6,1804.2,1817,1775.6,1704.1,1806.3,1786.5,1732.5,1814,1814.3,1801.5,1748.8,1822.2,1774.4,1742.4,1746.7,1817.2,1795,1825.1,1799.3,1712.7,1707.2,1715.5,1836.5,1825.7,1697.5,1766.6,1843.9,1733.3,1737.6,1719.5,1768.8,1704.6,1724.2,1781.6,1821.2,1847.8,1822,1850.9,1703.4,1799.7,1768.4,1759.4,1841.7,1830.4,1808.4,1843.2,1701.8,1830,1836.8,1819.9,1820.7,1749,1792,1764.7,1833.4,1792.2,1826.3,1703.2,1728.4,1781.4,1844.7,1745.7,1791.3,1838.2,1710.1,1817.6,1795.2,1719.4,1788.4,1820.8,1816.1,1776.7,1711.6,1803.6,1741.1,1754.6,1788.8,1710.8,1846.7,1759.9,1828.6,1840,1781.6,1824,1830.2,1757.1,1708.2,1820.3,1822.6,1707.9,1839.5,1713.3,1714.8,1708.2,1722.7,1710.3,1827.1,1791.7,1847.1,1704.8,1723.3,1820.4,1732.6,1719.4,1735.3,1710.6,1778.8,1789.4,1731.1,1707.3,1756.7,1770.4,1704.9,1845.1,1826.4,1794.8,1701.3,1760.4,1828.6,1730,1772.6,1706.9,1700.7,1845.8,1805.5,1711,1780,1806.5,1785.1,1704.5,1755.9,1823.2,1817.8,1803,1821.4,1744.4,1780.3,1722.3,1838.6,1740.2,1719.7,1818.3,1742.3,1824.6,1846.5,1780.5,1780.1,1845.7,1806.9,1754.1,1775.2,1831.6,1820.8,1784.7,1737.6,1827.3,1829.9,1760.5,1833.4,1813.5,1842.2,1780.6,1832.7,1838,1827.4,1831.1,1760.9,1709.9,1807.9,1796.4,1759.6,1783.4,1788.9,1763.5,1828.3,1741.4,1742.3,1810,1705.8,1832.7,1824.4,1752.5,1837.5,1842.1,1737.2,1838.6,1727.7,1731.5,1826.3,1773.3,1749.7,1817.6,1705,1764.1,1813.2,1816.5,1710.6,1735.1,1801.9,1773.1,1725.8,1817.9,1742,1842.2,1752,1815.7,1760.4,1757.9,1814.2,1764.3,1754.2,1725.1,1790.8,1818.3,1782.6,1754.7,1714.3,1840.5,1835.7,1725.2,1816.8,1723.1,1789,1821.1,1821.9,1718.1,1810,1762.2,1789.5,1809.6,1715.1,1758.1,1744.8,1817.2,1846.1,1809.5,1777.4,1808,1783.6,1753.3,1809.2,1775.5,1835.2,1792.9,1822.2,1715.1,1823.9,1798.6,1778.1,1849.5,1845.3,1720.4,1829.3,1712.7,1770.5,1717.7,1810.5,1751.4,1829.9,1820.6,1727.3,1824.4,1805.4,1717.5,1839.9,1749.5,1842.5,1818.1,1753.6,1755.8,1753.1,1831.8,1807,1795.4,1810.8,1707.1,1714.7,1749,1822.5,1828.6,1771,1796.2,1700.3,1810.6,1707.8,1788.4,1804.4,1756.7,1788.9,1830.4,1750.7,1709.9,1833.1,1745,1756.8,1728.4,1774.9,1792.3,1784.5,1753.7,1718.6,1829.5,1750.5,1724,1839.9,1755.7,1720.6,1782.9,1759,1827.3,1715.8,1843.7,1734.4,1716.9,1809.3,1701,1717.2,1816.9,1712.5,1783.1,1721,1806.5,1738,1824.3,1712.7,1784.8,1765.3,1756.2,1844.6,1743.7,1700,1703.5,1792.6,1752.3,1751.7,1830.6,1815.3,1731.9,1802.4,1825.6,1733.3,1755.7,1715.6,1834.7,1700.5,1779.2,1749.4,1798.2,1825.1,1733.4,1847,1841.1,1781.5,1788.3,1820.4,1779.9,1706.1,1802.7,1819,1746.8,1794.3,1731.5,1814,1822.5,1736.8,1779,1719.7,1816.9,1784.5,1729.7,1764.1,1847.7,1718.8,1818.7,1834.1,1718.2,1714,1729.3,1714.8,1751.9,1712.2,1735.4,1759.1,1786.3,1726.6,1734.7,1813.1,1816.2,1790.5,1719.2,1799.3,1759.9,1801.4,1826.3,1746.5,1792.5,1854,1714.4,1728.1,1797.2,1825,1756.6,1798.6,1823.4,1835.9,1724.7,1726.2,1814.1,1758.7,1788,1788.4,1793.6,1846,1723.1,1821.7,1802,1722,1716.1,1787.6,1762.7,1721.3,1728.7,1786.9,1836.8,1840.3,1706,1782.9,1815.9,1823.6,1804.9,1836,1694.6,1720.2,1748.6,1780.6,1828.9,1725.8,1754.7,1708.1,1826.2,1816.5,1750.5,1737.2,1832.3,1803.9,1752,1777.9,1776.8,1804.2,1833.5,1752.6,1744.7,1782.3,1814.9,1837.3,1751.9,1766,1809,1760.5,1791.9,1747,1722.5,1769.6,1811.5,1833.9,1741.3,1723.8,1783.6,1800.9,1823.1,1755.1,1828.5,1739.5,1807.3,1751.7,1804.1,1708.7,1839.4,1813.4,1742.9,1800.4,1794,1736.5,1771.4,1701,1722.8,1694.9,1836.6,1816.3,1732.4,1704.2,1747.2,1802.7,1803.8,1767.9,1836.2,1710.5,1797.6,1797,1737.3,1831.7,1770.1,1827,1708.3,1718.3,1714.2,1780.5,1814.4,1798.9,1835.2,1757.7,1782.8,1791.8,1730.7,1803.8,1801,1771.7,1701.5,1756.9,1791.8,1764.4,1773.4,1795.3,1798.9,1803.3,1832.3,1704.1,1778.2,1810,1785.4,1840.2,1841.6,1799.6,1749.5,1730.3,1702.3,1718.2,1830.8,1823,1784,1781.8,1826.2,1724.6,1712,1857.1,1712.9,1781.5,1845.3,1795,1740.1,1792,1699.7,1813.5,1833.5,1792.7,1854.8,1812.3,1745.8,1812.7,1719,1740.5,1785.1,1761.3,1702.1,1776.1,1835.3,1729,1766.3,1780.7,1832,1744.7,1824.3,1846.8,1728.7,1792.7,1821.4,1751.8,1852.8,1821.9,1822.7,1710.6,1792.7,1800,1712.7,1726.4,1786.5,1744.4,1770.7,1812.4,1701.4,1723.7,1831.4,1796.4,1857.9,1818.1,1729.5,1822.1,1706.8,1790.3,1811.4,1827.7,1738.6,1703.8,1806.7,1786,1812.2,1780.7,1796.1,1719,1831.9,1838.6,1792,1790.3,1836.9,1764.7,1706.4,1711.6,1708.6,1727,1719.6,1847.4,1834.3,1702.7,1803.2,1730.8,1713.8,1794.4,1741.8,1839.2,1811,1830.3,1816.9,1750.2,1816.6,1727.4,1823.3,1767,1797.1,1756.4,1764.7,1798.9,1795.4,1714.1,1800.5,1728.8,1852.8,1817,1826.5,1759.4,1821.5,1842.5,1739,1839,1784.8,1819.5,1793.7,1719,1712.6,1762.2,1795.1,1743.9,1844.1,1703.9,1720,1811.9,1803.6,1710.4,1720.4,1815.5,1829,1841,1711.1,1698.8,1780.5,1755.6,1792.2,1795.7,1737.3,1730.2,1731.3,1735.8,1764.2,1774,1808.6,1785.8,1751.3,1838.5,1759.2,1831.8,1759.1,1818.9,1739.1,1817.7,1709.8,1835.5,1809.1,1819.9,1737.4,1705.9,1779.2,1704.3,1813.9,1828.5,1802.4,1733.8,1706.3,1855.7,1770.5,1708.8,1802.4,1837.1,1805.2,1697.6,1713.2,1789.8,1822.5,1730.3,1833.7,1726.5,1734.4,1709.2,1725.8,1827.5,1707.1,1829,1838.7,1830,1817.3,1841,1832.2,1712.7,1760.3,1843.2,1831.3,1720.1,1833.8,1743.4,1816.6,1811,1825.5,1796.1,1809,1731.8,1823.9,1797,1719.9,1739.3,1720.3,1796.2,1770.8,1731.6,1828.6,1794.7,1779.7,1742.3,1726.2,1764.9,1739.4,1835.6,1760.8,1827.5,1720.5,1807.9,1821.4,1735.6,1779.8,1795.9,1832.5,1779.5,1780.4,1789.4,1791.5,1826.1,1836.8
